[[13 13 13 14 13 14 13 13 13 12 12 13 13 14 13 14 14 13 13 13 13 12 13 13]
 [13 13 14 14 14 13 13 14 13 14 14 12 13 12 13 13 13 12 11 11 13 13 14 13]
 [14 13 14 13 13 13 13 13 14 13 13 14 14 15 13 13 14 14 13 13 13 13 12 12]
 [12 10 10 11 11 13 13 13 13 14 13 13 13 13 13 13 13 13 13 14 12 14 13 14]
 [14 13 13 14 13 12 12 12 11 10 10 10 12 12 13 13 13 13 13 13 13 13 13 13]
 [14 13 14 13 13 13 13 13 13 13 13 14 13 13 12 11 11 10  9 10 11 12 13 13]
 [13 13 13 13 13 13 12 13 13 13 13 13 14 12 13 12 14 14 13 14 13 13 12 12]
 [10 10 10 10 11 11 13 13 13 13 13 13 13 13 12 13 12 13 13 12 13 13 11 12]
 [14 14 13 13 13 12 12 11 10 10  9 10 10 12 12 13 12 13 13 13 12 13 12 13]
 [12 12 12 13 12 13 12 11 14 14 13 13 13 13 12 12  9 10 10  9 11 11 13 12]
 [13 12 12 13 12 13 12 12 12 12 13 13 12 13 12 11 14 13 14 12 12 12 12 11]
 [10 10 10 11 11 12 12 12 12 13 12 12 12 12 12 12 12 12 12 12 11 12 11 12]
 [14 14 13 13 12 12 12 12 10 10 10 10 12 12 12 12 12 12 12 12 12 12 12 12]
 [12 12 12 12 11 10 12 12 14 13 13 13 13 13 12 11 10 10 10 11 12 12 12 12]
 [12 12 12 12 12 12 12 12 12 12 11 11 11 10 11 12 14 13 13 12 12 12 12 12]
 [10 10 11 10 12 12 12 12 12 12 12 12 11 11 11 11 11 11 11 11 10 10 11 12]
 [14 14 14 14 13 13 13 13 11 10 10 12 12 12 12 12 12 11 11 11 11 10 10 10]
 [11 11 11 11 11 10 11 11 14 14 14 13 14 13 13 12 11 11 11 12 12 13 12 12]
 [11 11 11 11  9 10 10 10 10 10 10 10 10 10 10 11 14 14 14 14 13 13 13 13]
 [13 12 11 12 13 12 12 12 11 11 11 10  9  8  8  8  8  9  9  9 10  9 10 11]
 [15 14 13 14 13 13 13 13 13 12 12 12 12 12 12 12 11 11 11 10  8  8  7  7]
 [ 7  7  8  8  9  9 11 10 14 14 13 14 13 13 13 13 13 12 12 12 12 12 12 11]
 [11 11 10  9  8  7  6  5  5  5  5  5  8  9  9 10 14 14 14 14 13 13 13 13]
 [13 13 12 12 12 12 11 11 10 10  9  9  8  8  5  4  4  3  3  3  8  8 11 10]
 [14 14 14 14 14 14 13 13 13 13 13 12 12 12 11 10  9  9  9  8  7  5  4  2]
 [ 2  2  0  2  6  8 10 10 15 14 14 14 14 14 14 13 13 13 12 12 12 12 11 10]
 [ 9  9  9  9  6  5  2  2  2  2  0  0  6  7 10 10 14 14 14 14 13 13 13 14]
 [13 13 12 12 11 11 10  9  9  9  7  7  6  5  3  3  2  3  1  2  5  8 10 10]
 [15 13 14 14 14 13 13 13 13 13 13 12 12 12 10  9  9  8  7  7  6  5  3  3]
 [ 3  2  2  3  7  7 10 11 14 14 13 14 14 13 13 13 13 13 13 13 12 10 10 10]
 [ 9  9  8  7  7  7  5  5  4  5  5  5  7 10 11 11 13 14 14 13 13 14 13 13]
 [13 13 12 12 11 11 11 11 10  9  8  8  7  7  5  5  5  6  6  6  9 10 11 11]]