[[17 17 17 17 16 17 17 17 17 17 17 17 17 17 16 17 17 17 17 17 17 17 17 16]
 [17 17 17 17 17 17 17 16 18 17 17 17 17 16 17 17 17 17 17 17 17 17 17 16]
 [17 17 17 17 17 16 16 16 17 17 16 16 17 16 17 17 17 16 17 17 17 17 17 17]
 [17 17 17 17 17 17 17 17 17 16 17 17 17 17 16 16 16 16 17 17 17 17 17 16]
 [17 17 17 16 17 17 17 17 17 17 17 17 17 17 17 17 17 17 17 17 16 16 16 16]
 [16 16 17 16 17 17 16 16 17 16 17 18 17 18 17 17 17 17 17 17 17 17 17 17]
 [17 17 16 17 17 17 16 16 16 17 17 17 17 16 17 17 17 17 17 17 17 17 17 17]
 [17 17 17 17 17 17 17 16 17 17 17 17 16 16 16 16 17 17 17 17 17 16 17 17]
 [17 17 17 17 17 16 17 17 17 17 17 17 16 17 17 17 16 17 17 17 16 17 16 16]
 [16 17 16 17 17 17 17 17 17 17 17 17 17 17 17 17 17 17 17 17 17 16 17 16]
 [17 16 17 17 16 17 15 16 16 16 17 16 17 17 17 17 17 16 17 17 18 17 17 17]
 [17 17 17 17 17 17 16 16 16 16 16 16 16 16 16 16 16 16 16 17 17 17 17 17]
 [17 16 17 17 17 17 17 17 17 17 16 17 17 16 16 17 16 16 16 16 17 16 15 15]
 [16 16 16 17 17 17 16 17 17 17 17 17 17 17 17 17 17 17 17 17 17 17 17 17]
 [16 17 16 16 16 16 15 16 16 16 17 17 16 17 16 17 18 16 17 17 17 16 17 17]
 [16 17 17 16 17 17 17 17 17 16 16 16 16 16 15 15 16 16 16 17 17 17 16 16]
 [17 17 17 17 16 16 16 16 16 16 17 17 17 17 16 16 17 17 16 17 16 15 15 16]
 [16 17 17 17 17 17 17 17 16 16 17 17 16 17 17 16 16 16 16 17 17 17 16 16]
 [16 17 16 16 15 15 15 15 16 16 16 17 16 16 16 17 17 16 16 16 16 16 16 16]
 [16 16 16 17 17 17 16 16 16 17 16 16 15 14 14 15 15 16 16 16 17 16 16 16]
 [16 17 16 16 16 15 16 15 15 15 16 17 17 16 16 16 16 16 16 16 15 14 14 15]
 [16 16 17 17 17 16 16 17 16 16 15 16 16 16 16 15 15 15 15 16 17 17 16 16]
 [16 16 16 15 14 13 14 15 15 17 17 17 17 16 16 17 16 16 15 15 15 15 16 15]
 [15 15 16 16 16 17 15 16 16 15 15 15 13 13 14 15 16 16 16 17 16 16 17 17]
 [15 15 15 14 14 14 14 15 15 15 15 16 16 16 16 16 16 16 15 13 13 13 14 15]
 [16 17 17 17 17 17 16 17 16 15 14 14 13 13 12 13 15 14 15 15 16 16 16 16]
 [16 16 14 14 13 13 15 15 17 16 17 17 17 17 16 16 15 14 13 10  2 -3 -2  0]
 [10 13 15 16 16 15 16 16 16 16 14 12 12 14 15 16 16 17 17 16 17 17 17 17]
 [14 14 12 11 -1 -5 -8 -7  7 11 15 15 15 14 15 15 16 16 13 12 13 13 15 16]
 [17 17 17 17 17 16 16 17 13 13 13 11  2 -2 -9 -9 -3  6 14 14 15 15 14 14]
 [16 15 13 12 13 14 15 16 16 16 17 17 16 16 16 17 13 15 13 12  7  3 -3 -6]
 [ 0  2 14 14 15 14 14 14 15 15 12 12 14 14 16 16 16 16 16 17 17 16 17 17]]