[[ 17  17  18  16  17  16  18  16  16  17  16  17  16  16  16  16  16  16   15  15  15  15  15  15]
 [ 14  13  14  15  15  15  16  16  17  18  17  17  17  17  16  16  17  16   17  17  16  16  16  16]
 [ 16  16  15  15  15  15  14  15  14  14  14  15  14  15  14  16  17  16   18  16  17  17  17  16]
 [ 16  16  16  17  17  16  16  16  15  15  15  14  15  15  14  13  14  12   12  13  14  15  15  15]
 [ 17  17  17  18  17  16  16  16  16  16  16  17  16  16  16  16  15  15   14  14  14  14  12  14]
 [ 12  13  12  12  14  14  15  15  16  17  17  16  16  16  16  17  16  16   16  16  16  16  16  16]
 [ 15  14  14  14  14  13  12   6   9   8  11  11  13  12  14  14  17  17   17  17  17  17  16  16]
 [ 16  16  16  16  16  16  16  16  15  15  13  13  13  14   6   7   1   6   10  10  13  13  15  15]
 [ 17  17  17  16  17  16  17  16  16  16  16  15  16  16  15  15  15  14   13  12  13  11   7  -8]
 [ -9  -2   5   8  11  13  14  15  17  17  17  17  16  17  16  16  15  15   16  16  15  15  16  16]
 [ 14  14  12  13  11  12   0  -1 -14 -10   4   5  12  13  14  15  17  17   17  16  17  16  17  17]
 [ 16  15  15  15  15  15  16  15  15  14  13  12  12  11   7   0 -13  -9   -2   7  11  13  14  15]
 [ 17  17  17  17  16  16  16  17  16  16  15  15  15  15  15  15  14  14   13  13  12  12   6   5]
 [ -2  -7   6   5  13  13  14  15  17  17  16  16  16  16  17  16  16  16   16  15  15  15  15  15]
 [ 15  14  14  12  12  12   9   7   3   6   7  12  13  15  15  15  17  17   17  17  16  16  16  16]
 [ 16  16  15  15  15  15  15  15  15  15  13  13  12  12   8   8   8   6   12  11  14  14  15  15]
 [ 17  17  17  17  16  17  16  16  16  16  16  15  16  15  15  15  15  15   14  14  13  11  10  11]
 [ 10  12  13  14  14  15  15  16  17  17  17  16  17  16  16  16  16  16   16  16  15  15  14  15]
 [ 15  15  15  15  13  12  11  11  13  12  14  14  15  15  16  16  17  17   17  16  17  17  16  16]
 [ 16  16  16  15  16  15  15  14  14  15  16  15  14  14  13  13  14  14   14  15  16  15  16  16]
 [ 16  17  17  17  16  17  16  16  16  16  15  16  16  16  15  15  14  15   16  15  14  14  14  14]
 [ 15  15  15  15  16  16  16  16  16  16  17  16  17  16  17  16  16  16   16  15  15  15  15  15]
 [ 14  14  15  16  15  15  15  15  15  15  16  16  15  16  16  16  17  17   16  17  17  17  16  17]
 [ 16  16  16  15  15  16  15  15  14  14  14  15  15  15  15  15  15  15   15  16  16  16  16  16]
 [ 16  17  17  17  17  16  17  16  16  16  16  16  15  15  16  15  15  15   14  14  15  15  15  16]
 [ 15  15  15  16  16  16  16  16  17  16  17  17  17  16  17  16  16  16   16  16  16  15  16  16]
 [ 15  15  15  15  14  14  15  16  15  15  16  16  16  16  16  16  16  16   17  17  17  17  17  17]
 [ 16  16  16  16  15  16  16  16  15  15  15  15  15  14  15  15  15  16   16  16  17  15  17  16]
 [ 17  17  16  17  17  17  16  17  16  17  16  16  16  16  16  16  16  16   15  16  14  15  15  15]
 [ 15  16  16  16  16  17  16  17  16  17  17  16  17  17  17  17  16  16   16  15  16  16  16  16]
 [ 16  16  16  16  16  16  15  15  15  15  16  15  16  16  16  16  18  17   17  17  17  16  17  17]
 [ 16  16  16  16  16  16  16  16  16  16  16  16  16  16  15  15  16  16   16  16  15  16  16  16]]