[[18 18 16 16 17 16 17 16 17 16 16 15 16 16 16 15 16 16 16 16 15 16 16 14]
 [15 16 15 15 15 15 16 13 16 18 16 17 16 17 16 17 16 16 15 15 15 15 15 15]
 [16 16 15 16 16 16 15 16 15 15 16 15 15 16 16 15 17 17 16 16 17 17 16 16]
 [16 16 15 15 15 15 16 15 15 15 15 15 15 15 15 15 15 16 15 15 14 16 16 15]
 [17 16 16 17 17 17 17 16 16 16 16 16 16 16 15 15 15 15 15 15 16 15 15 15]
 [16 15 15 15 15 16 15 15 16 17 17 16 17 16 16 16 16 15 15 15 16 15 15 15]
 [15 15 15 15 16 15 15 15 15 15 15 15 16 15 15 14 16 16 17 17 17 16 16 16]
 [16 16 15 15 15 15 16 16 16 15 15 15 15 15 15 15 15 16 15 15 15 14 14 15]
 [17 17 17 16 16 16 15 15 16 16 15 15 16 15 16 15 15 15 16 15 15 15 15 15]
 [15 15 16 15 15 15 14 15 17 17 17 17 16 16 15 16 16 15 15 15 15 15 15 15]
 [15 15 15 15 15 15 15 15 16 15 15 15 15 15 15 15 16 16 17 16 16 16 16 15]
 [16 16 16 16 15 15 16 15 15 15 15 15 15 15 15 15 16 15 15 15 15 15 14 14]
 [17 17 17 17 16 16 16 16 16 15 16 16 16 15 15 15 15 15 15 15 15 15 15 15]
 [16 15 15 15 15 15 14 15 18 16 17 17 17 16 16 15 15 16 15 15 15 16 15 15]
 [15 15 15 15 15 15 15 15 15 15 15 15 15 15 15 14 17 17 16 17 16 16 16 16]
 [16 16 15 16 16 16 15 16 15 15 15 16 15 15 15 15 15 15 16 15 15 15 15 15]
 [17 16 17 16 16 16 16 16 16 15 16 15 16 15 15 15 15 15 16 15 15 15 15 15]
 [15 15 15 14 14 15 14 15 17 17 17 17 16 16 16 16 16 15 16 15 16 15 15 16]
 [15 15 15 16 15 15 16 16 15 15 15 15 15 15 14 15 17 18 17 17 17 17 16 16]
 [16 16 16 15 16 16 15 15 15 15 16 15 15 15 15 15 15 15 15 15 15 15 15 15]
 [18 16 16 17 17 17 17 16 16 16 16 15 16 16 16 15 15 15 15 16 15 15 15 16]
 [16 15 15 15 15 15 15 15 17 16 17 17 16 17 17 17 16 15 16 15 15 15 15 15]
 [15 15 15 15 15 15 15 15 15 15 15 15 15 15 14 15 17 17 16 17 17 17 17 17]
 [16 16 16 16 16 15 16 15 15 15 15 16 15 15 15 15 16 15 16 15 15 15 15 14]
 [17 17 17 17 17 16 17 16 17 16 16 16 16 15 15 15 15 15 15 15 15 15 16 15]
 [15 15 15 15 15 15 15 14 17 17 17 17 17 16 17 17 16 16 16 16 16 16 16 15]
 [15 16 15 16 15 15 15 16 15 15 15 15 15 15 15 15 17 17 17 17 17 17 17 16]
 [17 16 16 16 16 15 15 16 16 15 16 15 15 15 15 15 15 16 15 15 15 15 15 14]
 [18 17 17 17 17 16 16 17 17 17 16 16 16 16 16 15 16 15 16 16 15 15 15 16]
 [15 15 16 15 15 15 14 15 17 17 17 17 17 17 17 16 17 16 17 17 16 16 15 16]
 [16 16 15 15 15 15 15 15 16 15 15 15 15 15 13 12 16 16 17 17 17 16 17 17]
 [17 17 17 17 16 16 15 16 16 15 15 15 15 15 15 15 15 15 15 15 15 15 13 13]]