[[17 17 16 16 17 17 17 17 17 18 17 17 17 17 16 16 16 17 17 17 17 17 17 17]
 [17 17 16 16 17 16 17 17 18 17 17 17 16 17 17 17 17 17 16 17 17 16 16 16]
 [17 16 17 17 17 18 17 17 17 17 17 17 17 17 18 17 17 17 16 16 18 17 16 17]
 [17 17 17 17 17 17 16 16 17 17 17 17 17 17 17 17 17 17 17 17 17 17 17 17]
 [17 16 17 17 17 17 17 17 17 17 17 17 17 16 16 16 17 17 17 16 17 17 17 17]
 [18 17 17 17 17 17 16 17 16 16 17 17 17 17 17 16 16 17 16 17 16 16 16 16]
 [17 17 17 17 17 17 16 16 17 17 17 17 17 17 16 18 17 17 16 18 16 17 17 16]
 [16 17 16 17 16 16 16 16 17 17 17 17 17 17 17 17 17 17 17 17 17 16 17 17]
 [18 17 17 17 17 16 16 17 16 17 16 16 15 15 16 16 17 17 17 17 17 17 16 17]
 [17 17 16 17 17 16 16 16 16 17 16 16 17 16 17 17 16 17 16 16 15 15 15 16]
 [17 17 17 17 17 17 16 17 17 17 17 16 17 17 16 17 17 16 16 17 17 17 16 17]
 [17 17 16 16 15 15 16 16 16 17 16 17 17 17 16 17 17 17 17 17 17 17 16 17]
 [16 16 17 16 16 17 17 17 17 16 16 16 15 15 15 16 17 17 17 17 17 17 17 17]
 [17 17 17 17 16 16 16 17 16 16 16 16 17 17 17 16 16 17 15 15 14 15 16 15]
 [16 17 17 17 17 17 16 16 17 17 16 16 17 17 17 17 16 17 16 16 17 17 16 16]
 [16 16 15 15 14 14 15 16 17 16 17 17 17 17 17 16 17 17 17 17 17 17 17 16]
 [16 16 15 16 16 16 16 16 16 16 15 14 14 15 15 16 16 17 17 17 17 17 17 17]
 [17 17 17 17 17 17 17 17 16 16 16 16 16 16 16 16 16 16 15 14 14 14 15 15]
 [16 17 17 17 17 17 17 17 17 17 17 16 16 16 16 17 16 15 15 16 16 16 16 16]
 [16 16 15 13 14 15 15 16 17 17 17 17 17 17 17 17 16 17 16 16 17 17 17 17]
 [15 15 15 15 16 16 16 16 16 16 14 13 14 14 15 15 17 17 17 17 17 16 17 17]
 [17 17 17 17 16 17 17 17 10  7  8 13 16 16 15 15 16 16 14 13 14 15 15 15]
 [16 17 17 17 17 17 16 17 17 17 17 17 17 17 17 17  8  2  1  8 16 16 14 15]
 [16 16 14 13 14 14 15 15 17 16 17 17 17 17 17 17 17 17 17 17 16 17 16 16]
 [ 7  1 -5  1 15 15 15 15 15 15 14 13 13 14 15 16 17 17 16 17 17 17 17 16]
 [17 16 17 17 17 17 17 16  7  4 -2  0 13 15 15 15 15 15 14 13 14 14 15 16]
 [17 17 17 17 17 17 16 16 17 16 17 17 16 16 16 17 12 10  7  6 12 14 15 15]
 [15 16 14 14 14 15 15 16 16 17 17 17 17 17 17 17 17 17 17 17 17 17 16 17]
 [14 13 11 11 15 15 16 15 16 15 14 14 15 14 15 16 16 17 17 17 17 17 17 17]
 [17 17 17 16 17 16 17 17 14 14 15 13 14 15 15 15 15 16 14 14 14 15 15 16]
 [17 16 17 16 17 17 17 18 17 17 16 17 17 16 17 17 14 15 15 15 15 14 15 15]
 [16 15 15 14 15 14 15 15 17 16 16 16 17 17 17 17 17 17 16 17 17 17 16 16]]