[[ 16  16  17  17  16  16  16  16  15  14  15  15  15  14  14  13  13  14   14  15  15  15  15  16]
 [ 15  16  16  16  16  16  16  16  16  17  16  17  16  16  16  16  15  15   14  15  14  14  12  13]
 [ 13  13  14  14  15  15  15  15  16  15  16  17  16  16  17  16  16  15   16  16  16  16  16  16]
 [ 15  14  14  14  14  11  11   7   7  10  11  13  14  14  14  15  16  16   16  16  17  16  16  18]
 [ 15  16  16  17  16  17  15  16  14  14  14  14  12  13   3   5   5   4   11  11  13  13  14  15]
 [ 16  16  16  16  16  16  16  16  17  15  16  16  16  16  16  15  15  13   13  13  12   7   2 -14]
 [-12   0   5  10  12  14  15  15  16  16  16  16  17  16  17  17  16  16   16  16  15  16  15  16]
 [ 14  14  13  13   9  10  -9  -6 -10 -12   6   5  13  13  15  15  16  16   17  17  16  16  17  17]
 [ 16  16  17  15  16  16  15  15  14  13  13  13  12   8   5  -3  -5   0    2  11  13  15  16  16]
 [ 16  16  16  16  17  17  16  17  16  16  15  16  15  15  16  16  14  14   13  13  11  11   3   4]
 [  2   1  11  10  15  15  16  16  16  16  16  16  17  16  17  17  16  15   16  15  15  15  15  16]
 [ 15  13  13  13  13   9   8   7   7  10  12  15  15  16  16  16  16  16   16  16  16  16  17  17]
 [ 16  15  15  16  15  15  15  15  14  14  13  14  11  11   8   8  11  11   14  14  16  15  16  16]
 [ 17  16  17  17  16  17  17  17  17  16  16  16  16  15  15  15  15  15   14  13  12  11  11  12]
 [ 13  14  15  15  16  15  16  16  16  16  16  16  16  16  17  17  17  16   15  16  16  15  15  15]
 [ 15  15  14  14  12  12  13  13  14  14  15  15  15  15  16  16  16  16   17  16  16  16  17  17]
 [ 16  15  16  16  16  15  15  15  16  15  15  14  14  14  15  15  15  15   15  16  16  16  16  16]
 [ 16  16  17  16  17  16  17  17  16  16  16  16  16  16  15  15  15  16   15  14  15  15  15  15]
 [ 15  15  16  16  16  16  16  16  17  16  17  17  16  17  16  17  17  16   16  16  16  15  15  15]
 [ 15  15  15  16  16  16  15  16  15  16  16  16  16  16  16  16  16  16   16  17  16  16  16  17]
 [ 17  16  16  16  16  15  15  16  15  15  16  16  16  16  16  16  16  16   16  16  16  16  16  16]
 [ 16  16  17  17  17  17  17  17  16  16  16  16  16  15  16  16  15  15   15  16  16  16  16  16]
 [ 16  16  16  16  16  16  16  16  16  16  17  17  17  16  17  17  16  17   16  16  15  16  16  16]
 [ 15  15  15  15  15  16  16  16  15  15  16  16  16  16  17  16  16  17   16  17  16  16  16  17]
 [ 17  16  17  16  16  16  16  16  16  15  15  15  15  15  15  16  16  16   16  16  16  16  16  17]
 [ 16  16  17  16  17  16  17  17  16  16  16  16  16  16  16  16  16  16   15  15  15  15  16  15]
 [ 16  16  16  16  16  16  16  17  16  17  16  17  16  17  17  17  16  16  16  16  16  16  16  16]
 [ 17  16  16  15  15  15  15  15  15  16  16  16  16  16  17  17  16  16   17  17  17  16  17  17]
 [ 16  16  17  16  16  16  15  16  17  16  16  16  16  15  15  15  15  15   16  16  16  16  16  17]
 [ 16  17  16  17  17  17  17  17  17  15  16  16  17  16  16  16  16  16   16  16  16  15  16  16]
 [ 16  15  16  16  16  16  16  16  16  16  17  17  17  16  18  17  15  17   16  16  16  15  16  16]
 [ 16  16  16  16  16  16  16  16  16  16  16  16  15  16  16  16  16  16   16  17  16  16  17  17]]