[[15 15 16 15 15 15 15 14 15 14 15 15 16 15 15 15 15 15 15 15 15 15 15 15]
 [15 15 15 15 16 16 16 15 16 16 14 14 15 15 15 15 15 15 14 15 16 15 15 15]
 [15 15 15 15 15 15 16 15 15 16 15 15 15 15 16 17 16 16 15 15 15 15 15 15]
 [15 14 15 15 16 15 15 15 15 16 15 15 15 15 15 15 16 15 15 15 15 16 16 16]
 [15 15 15 15 15 15 15 14 15 15 14 15 15 15 15 15 15 15 15 15 16 15 15 15]
 [16 16 15 15 16 16 16 16 15 16 16 15 15 15 15 15 15 15 14 14 15 15 15 15]
 [15 15 15 15 15 15 15 15 15 15 15 15 16 15 16 16 15 16 15 15 15 15 15 16]
 [15 15 15 14 16 16 15 15 15 15 15 15 16 15 15 15 16 15 15 16 15 15 16 16]
 [15 15 15 15 15 15 15 15 15 15 15 15 15 15 15 15 15 16 15 15 15 15 15 15]
 [15 15 15 15 15 15 16 16 15 15 14 15 16 15 15 15 15 15 15 15 15 15 15 15]
 [15 15 15 15 15 15 15 15 15 15 15 15 15 15 16 16 15 15 14 15 15 15 15 15]
 [15 15 15 15 15 15 15 15 16 15 15 15 15 15 16 15 16 15 15 15 16 15 15 16]
 [15 14 15 15 15 15 15 15 15 15 15 15 15 15 15 15 15 15 15 16 15 15 15 15]
 [15 15 15 15 16 16 15 15 15 15 15 15 15 15 15 15 15 15 16 15 15 15 15 15]
 [15 15 15 15 16 15 15 15 15 15 15 16 15 15 16 16 15 14 14 15 15 15 15 15]
 [15 15 15 16 15 15 15 15 15 15 15 16 16 15 15 15 15 15 15 15 16 15 15 15]
 [15 15 15 15 16 15 15 16 16 16 16 16 16 15 15 15 15 15 15 16 16 15 15 15]
 [16 15 15 15 15 16 15 15 15 15 15 15 15 15 15 15 16 15 15 16 16 16 16 16]
 [15 16 16 15 15 15 15 15 15 16 15 15 16 15 15 16 16 15 15 15 15 15 15 15]
 [15 16 15 15 16 16 15 16 15 16 15 15 16 15 15 16 15 16 15 15 15 15 16 16]
 [15 15 15 15 15 15 15 15 16 15 15 16 16 16 16 16 15 15 15 16 15 15 15 15]
 [16 16 16 15 16 15 16 16 16 15 15 15 15 15 15 15 15 15 16 16 16 16 16 16]
 [16 16 16 15 16 16 15 15 16 15 15 15 16 15 16 16 15 16 15 15 15 15 15 15]
 [16 15 15 16 15 16 16 16 16 16 15 15 16 16 15 15 15 15 15 15 15 15 16 16]
 [16 15 15 15 15 15 15 15 15 15 15 16 16 16 16 15 16 15 16 16 15 16 16 15]
 [15 16 16 15 15 15 16 16 16 15 14 15 15 15 16 15 15 15 15 15 16 15 15 15]
 [15 16 15 16 16 16 15 16 15 15 16 15 16 15 15 16 16 15 15 14 15 15 16 15]
 [15 15 15 15 16 16 16 16 16 16 16 16 16 16 15 16 16 15 16 16 16 15 16 16]
 [17 16 14 14 15 14 15 15 15 15 15 15 16 16 15 16 15 16 16 16 15 16 15 16]
 [16 16 16 16 15 15 16 16 16 15 16 14 14 14 15 15 15 16 15 15 16 15 16 16]
 [16 16 16 16 15 16 15 15 16 15 15 15 16 15 17 16 16 16 15 15 15 15 15 15]
 [15 15 15 15 16 15 15 16 16 16 15 16 15 16 15 16 16 15 16 16 15 16 16 16]]