[[ 17  17  18  17  16  17  17  17  17  17  17  17  17  17  17  17  16  17   16  17  17  16  17  16]
 [ 16  16  17  16  17  16  18  16  17  18  17  17  17  17  17  17  18  17   17  17  17  17  17  17]
 [ 17  17  16  17  16  17  17  17  17  16  17  16  16  17  16  17  17  17   18  17  17  17  17  17]
 [ 17  17  17  17  17  17  17  16  17  16  17  16  17  16  17  16  17  17   17  17  17  17  17  17]
 [ 16  16  16  18  17  17  17  17  16  17  17  17  17  17  17  17  17  17   16  17  17  17  17  17]
 [ 17  17  16  17  16  17  16  17  17  17  17  17  17  17  17  17  17  17   17  16  17  17  17  17]
 [ 17  16  17  16  17  16  16  16  17  17  16  16  17  16  17  16  17  17   18  17  17  17  17  17]
 [ 17  17  17  17  17  17  17  17  16  17  16  17  16  17  16  17  17  16   17  16  16  17  17  17]
 [ 18  17  17  17  17  17  17  17  17  17  17  16  17  17  17  17  17  16   17  17  17  16  16  16]
 [ 17  16  16  16  16  16  17  17  17  17  16  17  17  17  17  17  17  17   17  17  17  17  17  17]
 [ 16  17  16  17  17  17  17  17  16  16  16  16  16  17  16  17  18  17   17  17  17  17  17  17]
 [ 17  17  17  17  17  17  17  16  16  17  16  16  16  16  17  16  17  16   16  16  16  16  17  17]
 [ 17  17  17  17  17  17  17  17  17  17  17  17  17  17  17  17  17  17   16  17  16  16  16  16]
 [ 16  16  16  16  16  16  16  17  17  17  17  17  17  17  17  17  17  17   17  16  17  16  17  16]
 [ 17  16  17  16  16  16  16  16  16  16  16  15  16  17  17  16  17  17   17  17  17  17  17  17]
 [ 17  17  17  17  16  16  16  17  16  17  16  17  16  16  16  16  16  16   16  16  15  17  16  17]
 [ 17  17  17  16  17  17  17  17  17  17  17  17  17  16  16  16  16  16   17  16  17  17  16  16]
 [ 16  16  16  15  16  16  16  17  17  17  16  17  17  17  17  17  17  17   17  17  16  17  16  17]
 [ 16  16  16  17  16  16  16  16  16  16  14  15  16  16  16  17  17  17   17  17  17  17  17  17]
 [ 16  16  16  16  16  16  16  16  16  16  17  16  16  16  16  16  16  15   15  15  16  16  16  17]
 [ 17  17  17  17  17  17  16  17  16  16  16  16  16  16  15  16  16  16   17  17  16  16  16  16]
 [ 16  16  14  15  16  17  16  17  17  17  17  16  17  17  17  16  16  15   15  15  15  14  15  15]
 [ 16  16  17  16  16  15  16  16  15  14  14  15  16  16  16  16  16  16   16  16  16  16  17  17]
 [ 15  16  15  15  14  14  14  15  16  16  16  17  15  16  16  16  14  14   14  14  16  16  16  15]
 [ 17  16  16  16  16  15  16  15  15  15  15  14  14  13  13  14  15  16   16  16  16  15  16  14]
 [ 14  13  14  15  16  16  16  16  16  17  16  16  15  16  15  15  15  15   15  14  14  14  13  13]
 [ 15  16  16  16  15  15  15  15  12  13  15  15  16  17  16  16  16  16   17  16  16  14  14  14]
 [ 14  13  14  14  15  13  12  13  15  15  16  15  15  15  15  13  12  12   15  15  16  16  17  16]
 [ 17  17  15  16  15  15  13  13  10  12  11  13  14  14  13  12  14  14   15  15  15  15  14  14]
 [ 12  13  15  16  16  16  16  17  17  16  16  15  15  13  10   3  -3  -6   -5  -5   6  11  13  13]
 [ 14  15  14  13  15  15  13  12  13  14  15  16  16  16  16  16  16  16   15  16  14  13   7   5]
 [ -9  -7 -12 -11   0   4  13  13  15  15  13  13  15  15  12  12  13  14   15  16  16  16  16  16]]