[[17 17 16 16 17 17 17 17 16 17 17 17 16 16 16 17 17 16 16 17 16 16 17 17]
 [17 17 17 17 16 17 17 16 18 17 18 17 17 16 16 17 17 16 17 17 16 16 17 16]
 [17 16 16 17 16 17 17 16 16 17 17 16 16 17 17 16 17 17 17 16 16 17 17 17]
 [17 17 17 17 16 16 16 16 16 16 16 17 16 16 16 16 16 16 16 16 17 16 16 16]
 [16 16 16 17 17 17 17 17 17 17 16 17 16 16 16 16 16 17 17 17 16 16 16 16]
 [16 17 16 16 16 17 16 16 15 16 17 17 16 16 16 17 16 16 16 17 16 16 17 16]
 [16 16 16 17 16 16 16 16 15 15 16 15 15 15 16 16 16 17 16 17 16 17 16 17]
 [16 16 16 16 16 16 16 16 16 16 16 16 15 15 16 16 15 15 15 14 15 15 15 16]
 [17 16 17 17 16 16 16 16 16 16 16 16 15 16 16 15 16 16 16 16 16 16 15 16]
 [16 15 15 15 15 15 15 16 16 17 17 17 17 16 16 17 16 16 16 16 16 16 16 15]
 [15 15 15 15 15 16 16 15 15 15 15 15 15 15 15 16 16 17 17 16 16 16 16 17]
 [16 16 16 16 15 15 15 15 15 15 15 15 15 15 15 15 15 15 15 15 15 15 15 16]
 [16 16 16 16 16 16 17 16 16 16 16 16 15 15 15 15 15 15 15 15 15 15 16 15]
 [15 15 15 15 15 16 15 16 16 16 16 16 16 17 17 16 16 16 15 15 14 15 15 15]
 [15 15 15 16 15 15 15 15 15 15 15 15 15 15 15 15 16 16 17 16 16 17 17 16]
 [16 16 16 15 15 15 15 16 15 15 15 15 15 15 15 15 15 15 15 15 14 15 15 15]
 [17 16 17 17 17 16 16 16 16 16 16 15 15 15 16 15 15 15 15 15 15 15 15 15]
 [15 15 15 15 15 15 15 14 15 17 16 17 17 16 17 17 16 16 16 16 15 16 15 15]
 [15 15 15 15 15 15 15 16 14 15 15 15 14 15 15 14 16 16 17 16 16 16 17 17]
 [16 16 15 15 16 15 15 15 15 15 15 15 15 15 15 15 15 15 15 15 15 14 15 15]
 [16 16 16 16 16 16 16 17 16 16 15 16 15 16 15 15 15 15 16 15 15 15 15 15]
 [15 15 15 15 14 14 13 14 16 16 15 16 15 16 16 17 16 16 17 16 16 15 15 15]
 [15 15 15 16 15 15 15 15 15 14 15 15 14 13 12 12 17 16 16 15 16 15 16 16]
 [16 16 16 16 15 16 15 15 15 15 15 15 15 15 15 15 14 15 15 14 14 14 12 10]
 [16 16 16 16 16 15 16 16 16 16 16 16 15 15 15 15 15 15 15 15 15 15 15 15]
 [14 14 14 14 13 13  9  8 16 16 16 16 16 15 16 16 15 15 15 15 15 15 15 15]
 [15 15 15 15 14 15 15 15 14 14 14 14 13 13  8  7 15 16 16 17 16 15 16 16]
 [15 14 15 15 14 15 15 15 15 15 15 15 15 14 14 14 14 14 15 14 13 11  7  7]
 [17 16 16 16 16 16 16 16 15 15 15 15 15 15 14 15 15 15 15 15 14 15 14 14]
 [14 14 14 14 12 12  9  9 16 16 16 17 15 16 16 16 15 16 15 15 15 15 15 15]
 [15 15 15 15 15 14 15 15 14 15 14 14 13 12 12 12 16 17 17 16 16 16 15 16]
 [15 15 16 16 15 15 15 15 15 15 15 15 15 14 14 15 14 15 14 14 14 13 13 13]]