[[17 17 18 17 17 17 18 17 17 17 18 17 17 17 17 17 17 17 17 17 17 17 17 16]
 [16 17 16 16 17 16 16 18 17 17 17 17 17 17 17 17 17 17 17 17 17 17 17 17]
 [17 17 17 17 17 17 16 17 17 16 16 17 17 17 17 17 17 17 17 17 17 17 17 17]
 [17 17 17 17 17 18 18 17 17 17 17 17 16 17 17 17 16 17 16 17 16 17 17 17]
 [17 17 17 18 17 17 18 17 17 17 17 17 17 17 17 17 17 17 16 17 17 17 17 17]
 [16 17 16 17 16 16 16 17 16 17 17 17 17 18 17 17 17 17 17 17 17 17 17 16]
 [17 17 17 17 17 16 17 17 17 16 17 16 16 17 17 17 17 17 17 17 17 17 17 17]
 [17 17 17 17 17 17 17 17 17 17 17 17 17 17 17 17 17 16 17 16 17 17 17 17]
 [17 17 18 17 17 17 18 17 17 17 18 17 17 17 17 16 17 17 17 17 17 17 16 16]
 [17 17 17 17 16 17 16 17 17 17 17 18 18 17 17 17 17 17 17 17 17 17 17 17]
 [17 17 17 17 17 16 16 16 17 17 16 17 17 16 16 16 17 17 17 17 17 18 17 17]
 [17 17 17 17 17 17 17 17 17 16 17 17 17 16 17 17 17 17 17 16 16 16 17 17]
 [18 17 17 17 18 17 17 17 17 17 17 17 17 17 17 17 17 17 16 17 17 16 17 16]
 [17 17 16 17 17 16 16 16 18 17 17 17 17 17 17 17 17 17 17 17 17 16 17 17]
 [17 17 17 16 16 17 16 17 16 17 17 16 16 16 17 17 18 17 17 17 17 17 17 17]
 [17 17 17 17 17 17 16 17 17 16 16 16 17 17 17 17 17 17 16 17 16 16 16 16]
 [17 17 18 17 17 17 17 17 17 17 17 17 17 17 17 17 17 17 17 16 17 16 17 16]
 [16 17 17 16 16 16 16 16 17 17 17 18 17 17 17 18 17 17 17 17 17 17 17 17]
 [17 16 17 17 17 16 16 17 16 17 16 16 16 16 15 16 17 17 18 17 17 17 18 17]
 [16 17 17 16 16 16 17 17 16 17 17 17 17 16 16 16 16 16 16 16 16 16 17 16]
 [17 17 17 17 17 17 17 17 16 17 17 17 16 16 16 16 17 16 16 17 16 16 16 17]
 [16 16 16 16 16 16 15 16 17 17 17 17 17 17 17 17 17 17 17 17 17 16 17 17]
 [16 17 17 17 16 16 17 16 16 16 16 16 15 15 15 15 17 18 17 17 17 17 18 17]
 [17 17 17 17 16 16 17 16 16 16 16 17 16 16 16 17 16 16 15 16 15 15 15 15]
 [17 17 17 17 17 17 17 17 17 17 17 17 16 17 17 16 17 17 17 16 16 16 16 15]
 [15 15 16 15 15 15 15 15 18 17 17 18 17 17 17 17 17 17 16 17 16 16 17 17]
 [16 17 16 16 16 16 15 16 15 15 16 15 15 14 15 14 17 17 17 17 17 17 18 17]
 [17 16 17 17 17 16 17 16 16 16 16 16 16 16 16 16 15 15 15 14 14 14 14 14]
 [18 17 17 17 17 17 17 17 17 16 17 16 16 17 16 16 16 16 16 16 15 15 15 15]
 [15 14 14 14 14 13 14 16 17 17 18 17 17 17 18 17 17 16 17 16 17 16 17 15]
 [16 16 15 14 14 14 13 13 13 14 14 14 12 13 14 14 17 17 17 18 17 17 17 17]
 [17 17 17 17 16 16 16 16 15 16 14 14 13 13 11 11 13 13 12 12 12 12 14 14]]