[[17 17 17 17 16 17 16 17 17 17 16 16 17 17 16 17 17 16 17 17 17 17 17 16]
 [17 16 16 17 17 16 16 17 17 17 18 16 17 16 17 17 17 17 17 16 16 16 17 17]
 [17 16 17 17 17 17 17 17 17 17 17 17 17 17 17 17 17 17 16 16 16 17 17 17]
 [17 16 16 17 17 17 17 16 17 16 17 17 17 17 17 17 17 17 16 16 17 17 16 16]
 [15 16 17 16 16 16 17 16 17 17 17 17 17 17 17 16 17 17 17 17 17 17 16 17]
 [16 17 16 17 17 16 16 17 16 15 16 17 17 16 17 16 17 16 17 17 17 17 17 17]
 [17 16 17 16 17 17 17 17 17 16 16 17 17 16 17 16 17 16 17 16 16 17 16 17]
 [17 17 17 17 16 16 17 16 16 17 17 17 16 17 16 16 17 17 17 17 16 17 17 17]
 [16 17 16 17 17 16 16 17 16 17 16 17 17 16 17 17 17 17 17 17 16 17 17 16]
 [17 16 16 17 17 17 16 16 16 17 17 17 17 16 17 17 16 17 17 17 17 17 17 16]
 [16 17 17 17 17 17 16 17 17 17 17 17 16 17 16 17 16 16 17 17 16 17 17 17]
 [17 17 17 17 17 16 17 17 16 17 16 17 16 16 16 17 17 17 17 16 17 16 16 17]
 [16 16 17 16 16 16 17 16 16 17 17 17 16 17 17 17 17 17 17 17 17 17 17 17]
 [17 17 17 17 16 17 17 17 17 16 16 16 17 16 16 16 17 16 16 17 17 16 17 17]
 [17 16 16 17 16 16 17 16 17 17 16 17 17 16 17 17 17 16 17 16 16 17 16 16]
 [17 17 17 16 17 17 16 16 16 17 16 17 17 17 17 17 17 17 17 17 17 17 17 17]
 [16 16 16 17 17 16 16 17 16 16 17 16 17 16 17 16 16 16 17 16 17 17 17 17]
 [17 17 16 16 17 16 16 17 17 17 17 16 17 17 17 17 16 17 17 17 16 17 17 17]
 [16 17 17 16 17 17 17 17 16 17 17 17 17 17 17 17 16 16 16 17 16 16 16 17]
 [17 16 17 16 17 17 17 17 17 17 17 16 17 16 17 17 16 16 17 17 17 17 16 16]
 [16 17 17 17 17 16 17 17 16 17 17 17 16 17 17 17 17 17 17 16 17 17 17 17]
 [17 17 17 17 17 17 17 16 17 17 16 17 16 16 16 17 17 16 17 17 17 17 17 17]
 [16 17 17 17 17 17 17 17 17 17 17 17 16 16 17 17 17 17 17 16 17 16 16 17]
 [17 16 17 17 16 17 17 16 17 17 17 17 16 17 17 17 17 16 17 17 17 17 17 16]
 [16 17 17 17 16 16 17 17 17 17 16 16 17 17 16 16 17 17 16 16 17 17 16 17]
 [17 16 16 17 17 16 16 16 16 17 17 17 17 17 17 17 17 17 17 16 16 17 17 17]
 [16 17 17 17 16 17 17 16 17 17 17 16 16 17 17 17 17 16 16 16 17 16 16 16]
 [16 16 17 16 17 17 17 17 17 16 17 17 17 17 17 16 17 16 17 17 17 16 17 16]
 [16 17 17 16 17 17 17 16 16 17 17 17 17 17 17 17 17 17 17 17 16 17 17 17]
 [17 16 17 17 17 16 17 16 19 19 19 17 16 16 17 17 17 16 16 17 16 16 17 17]
 [17 16 17 16 16 17 16 17 17 16 16 17 17 16 17 16 19 21 20 19 17 17 16 17]
 [16 17 16 17 17 17 17 17 16 17 17 17 16 16 17 16 17 17 17 17 17 17 16 16]]