[[17 17 17 16 17 17 17 17 17 17 17 17 17 17 17 17 17 17 17 17 17 17 17 17]
 [16 18 17 17 17 17 17 17 17 17 17 17 17 17 17 17 17 17 17 17 17 17 17 17]
 [17 17 17 17 17 17 16 17 17 17 17 17 17 18 16 18 17 16 17 17 16 17 17 17]
 [17 17 17 17 17 17 17 17 17 17 17 17 17 17 17 17 17 17 16 17 17 17 17 17]
 [16 16 18 17 17 17 17 17 17 17 16 17 17 17 17 17 17 17 16 17 17 17 17 17]
 [17 17 16 16 17 17 17 17 16 16 17 17 17 17 17 17 17 17 17 17 17 17 17 17]
 [17 17 17 16 17 17 17 17 17 17 17 17 16 17 17 17 17 16 16 17 17 17 17 17]
 [17 17 16 17 17 17 17 17 17 17 17 17 17 17 17 17 17 17 17 17 17 17 17 17]
 [17 17 17 17 16 17 17 17 17 17 17 17 17 17 17 17 17 17 17 17 17 17 17 17]
 [17 17 17 16 17 17 17 17 17 17 18 17 17 17 17 17 17 17 17 17 17 17 17 17]
 [17 17 17 17 17 16 17 17 17 17 17 17 17 17 17 17 17 17 17 17 17 17 17 17]
 [17 17 17 17 17 17 16 16 17 17 17 17 17 16 17 17 17 17 17 17 16 17 17 17]
 [17 17 17 17 17 16 17 17 17 17 16 17 17 17 17 17 16 17 17 17 17 17 16 17]
 [17 17 16 17 17 17 17 17 16 16 16 17 17 17 17 16 17 17 17 17 17 17 17 17]
 [17 17 17 17 17 17 16 17 17 17 17 17 17 16 17 17 17 16 16 17 17 17 16 17]
 [17 17 16 17 17 17 17 17 17 17 16 17 17 16 16 17 17 17 17 17 17 17 17 16]
 [16 16 16 16 16 17 16 17 17 17 17 16 17 17 17 17 17 17 17 17 17 17 17 17]
 [17 17 17 17 17 17 17 17 17 16 16 16 16 16 16 17 16 17 17 17 16 17 17 16]
 [17 17 16 17 17 17 17 17 17 17 17 17 17 17 17 17 16 17 17 16 16 17 17 17]
 [16 16 17 16 17 17 16 17 17 17 17 17 17 17 17 17 17 17 17 17 17 17 17 16]
 [17 16 17 17 17 17 17 17 16 16 16 16 17 16 17 17 17 17 16 17 17 17 17 17]
 [17 17 17 17 17 17 17 17 17 16 17 17 17 17 16 17 17 16 16 16 16 17 17 17]
 [17 17 17 17 16 17 17 17 17 17 17 16 17 17 17 16 17 17 17 16 17 17 16 16]
 [16 16 17 17 17 17 17 17 17 17 16 17 17 16 17 17 16 17 16 17 17 17 17 17]
 [17 17 17 17 17 16 17 17 17 16 16 17 17 17 17 17 17 16 17 17 17 17 17 17]
 [17 17 17 17 17 17 17 16 17 17 17 17 17 17 17 17 17 17 17 17 17 17 17 17]
 [17 17 16 17 17 17 17 16 17 16 17 17 16 17 17 17 18 17 17 17 17 17 16 17]
 [16 16 16 16 17 16 17 17 17 17 16 17 16 16 17 17 17 17 17 17 17 16 17 17]
 [20 20 16 17 17 17 17 17 17 16 17 17 17 17 17 17 17 16 17 16 17 17 17 17]
 [17 17 16 17 17 17 16 17 20 21 18 17 17 16 17 16 17 17 17 16 17 16 17 17]
 [17 17 17 16 17 17 17 17 17 17 17 17 16 17 17 16 19 18 17 17 17 17 17 17]
 [17 17 16 17 17 16 16 17 17 17 17 17 17 16 16 17 17 17 17 17 17 17 16 16]]