[[17 17 17 16 17 17 17 17 17 17 16 16 17 17 16 17 17 17 17 17 17 17 17 16]
 [16 17 17 17 17 17 16 16 17 17 17 17 17 17 17 17 17 17 16 17 17 17 17 17]
 [17 16 16 17 17 17 16 17 17 17 17 17 17 17 17 18 17 17 16 17 17 16 17 16]
 [17 17 17 17 17 17 17 17 17 16 17 16 17 17 17 17 17 17 17 17 17 17 17 16]
 [16 16 17 17 17 17 17 17 17 17 17 17 17 17 17 17 17 17 16 17 17 16 16 17]
 [17 17 17 17 17 17 17 17 16 16 17 16 16 17 17 17 17 17 17 17 17 17 17 17]
 [17 16 17 16 17 17 16 16 17 17 17 17 16 16 17 17 16 17 16 17 17 17 17 17]
 [17 17 16 17 17 16 17 17 17 17 16 17 17 16 17 17 17 17 16 17 17 17 17 17]
 [17 17 17 17 17 17 16 17 17 17 17 17 17 17 17 17 17 17 17 17 17 17 16 16]
 [17 17 17 17 17 17 17 16 17 17 17 17 17 16 17 16 17 17 17 17 17 17 17 17]
 [17 17 17 17 17 17 17 17 17 17 16 17 17 17 17 18 17 16 17 16 17 16 17 16]
 [16 16 16 17 17 17 17 17 16 17 17 17 17 17 17 16 17 17 16 17 17 17 17 17]
 [17 17 16 17 17 16 17 16 17 16 17 17 17 17 17 17 17 17 17 17 17 17 17 17]
 [17 17 17 17 17 17 17 17 17 16 17 16 17 17 17 16 16 17 17 16 17 17 17 17]
 [17 17 17 17 17 17 17 16 16 17 17 17 17 17 16 17 17 17 17 18 17 17 16 16]
 [16 16 16 16 17 16 17 17 17 17 17 17 17 16 17 17 17 17 17 17 17 17 17 17]
 [17 17 17 17 17 17 16 17 16 17 16 16 17 17 16 17 17 17 17 17 17 17 16 17]
 [16 17 17 16 16 17 17 16 17 17 16 17 17 17 17 17 16 17 16 16 17 17 17 17]
 [17 17 17 17 17 17 17 17 17 17 17 17 17 17 17 17 17 18 17 17 17 17 17 17]
 [17 17 16 16 17 16 16 16 17 17 17 16 17 17 17 17 17 17 17 17 16 17 16 17]
 [17 17 17 17 17 17 17 17 17 16 16 17 17 16 16 16 16 16 16 17 17 17 17 17]
 [17 17 16 16 17 17 17 17 17 17 17 17 17 17 17 17 17 17 17 16 17 16 16 16]
 [16 17 17 16 16 17 17 17 17 17 17 17 17 16 17 17 17 17 17 17 17 17 17 17]
 [17 17 17 17 17 17 16 16 16 16 16 16 17 17 17 17 17 17 17 17 16 17 17 17]
 [17 17 17 17 17 17 17 17 17 17 17 17 17 17 16 16 17 16 16 17 16 17 16 16]
 [17 17 17 17 17 17 17 17 17 16 17 17 17 16 17 17 17 17 17 17 17 17 17 17]
 [17 16 16 17 17 17 16 17 17 17 17 17 17 17 17 18 20 21 17 17 17 17 17 17]
 [17 17 17 17 17 17 17 17 16 17 17 17 17 16 17 16 16 16 16 16 17 17 17 17]
 [21 18 17 17 17 17 17 17 17 17 17 17 17 17 17 17 17 17 17 17 16 17 16 17]
 [17 16 17 17 17 16 17 18 19 20 18 18 17 17 17 17 17 17 17 17 17 17 17 17]
 [16 17 17 17 16 17 17 17 16 16 17 16 17 17 17 16 19 20 18 17 17 17 17 17]
 [17 17 17 17 17 17 17 17 17 17 17 17 17 17 16 17 17 17 17 17 16 17 16 16]]