[[18 18 16 16 17 17 17 17 17 17 17 17 17 17 17 17 17 17 17 17 17 17 17 17]
 [17 17 17 17 16 17 17 18 17 18 17 17 17 17 18 17 17 17 18 17 18 17 17 17]
 [17 17 17 17 17 17 17 17 17 17 17 17 16 17 18 17 17 17 17 17 17 18 17 18]
 [17 17 17 17 17 17 17 17 17 17 17 17 17 17 17 18 18 17 16 17 17 18 17 17]
 [17 17 17 18 17 17 17 17 18 17 18 17 17 17 17 17 17 17 17 17 18 17 17 17]
 [17 17 17 17 17 18 17 17 17 17 17 17 17 18 17 17 17 18 17 17 17 17 17 17]
 [17 17 16 17 17 18 17 17 17 17 17 17 17 17 16 17 18 18 18 17 17 17 17 17]
 [18 17 17 17 18 17 17 17 17 17 17 16 17 17 17 17 17 17 17 17 17 17 17 17]
 [17 17 17 17 17 17 17 17 17 17 17 17 17 17 17 17 17 17 17 17 17 18 17 17]
 [17 17 17 17 17 17 17 17 17 17 17 17 17 17 17 17 17 17 17 17 17 17 17 17]
 [17 17 17 17 17 17 17 17 17 16 17 17 18 17 17 17 17 18 17 18 17 18 17 17]
 [17 18 17 17 17 17 17 17 17 17 16 17 17 17 17 17 17 17 17 17 17 17 17 18]
 [18 17 17 17 17 17 17 17 17 17 17 17 17 17 17 17 17 17 17 17 17 17 17 17]
 [17 17 17 17 17 17 17 17 17 18 17 18 17 18 17 17 17 17 17 17 17 17 17 17]
 [17 17 17 17 17 17 17 17 17 17 17 17 17 17 17 17 18 17 17 17 17 17 17 17]
 [17 17 17 17 17 17 17 17 17 17 17 17 17 17 17 17 17 17 17 17 17 17 16 17]
 [17 18 17 17 18 17 17 17 17 17 17 18 17 17 17 17 17 17 17 17 17 17 17 18]
 [17 17 17 17 17 17 17 17 18 17 17 17 17 17 17 17 17 17 17 17 17 17 17 17]
 [17 17 17 17 17 17 17 17 17 17 17 17 18 17 17 17 17 18 17 17 17 17 17 17]
 [17 17 17 17 17 17 17 17 17 17 17 17 17 17 17 17 17 17 17 17 17 17 17 18]
 [17 17 17 17 17 17 17 17 17 16 17 17 17 17 17 16 17 17 17 17 17 17 17 17]
 [17 17 17 17 18 18 17 17 17 17 17 17 17 17 17 17 18 17 17 17 17 17 17 17]
 [17 17 17 17 17 17 17 17 17 17 17 17 17 17 17 17 17 17 17 17 17 17 18 17]
 [18 17 17 17 17 17 17 17 17 17 17 17 17 17 17 17 17 17 17 17 17 17 17 17]
 [17 17 17 17 17 17 17 17 17 17 17 17 17 17 17 17 17 17 17 17 17 17 17 17]
 [17 17 17 17 17 17 17 17 17 17 17 18 17 17 17 16 17 17 17 17 17 17 17 17]
 [17 17 17 17 17 17 17 17 17 17 17 17 17 17 17 17 17 17 17 18 17 17 17 17]
 [17 17 17 17 17 17 17 17 17 18 17 18 17 17 17 17 17 17 17 18 18 17 17 17]
 [18 17 18 18 17 17 17 17 17 17 17 17 17 17 17 17 17 17 17 17 17 17 17 17]
 [18 17 17 17 17 17 17 18 19 19 17 17 18 17 16 17 18 18 17 17 17 17 17 17]
 [17 17 17 17 17 17 17 17 17 17 17 18 17 17 17 17 19 19 17 17 17 17 17 17]
 [17 17 17 17 17 16 17 17 18 17 17 17 17 17 16 17 17 17 17 17 17 17 17 17]]