[[15 15 17 16 17 17 16 16 17 16 16 16 17 16 16 16 16 16 16 16 16 16 16 16]
 [16 16 16 16 16 16 16 16 16 17 16 16 16 16 16 16 16 16 15 16 16 16 16 16]
 [16 16 15 16 16 16 16 16 16 16 16 16 16 16 16 16 16 16 16 16 16 16 16 17]
 [17 15 16 16 16 16 16 15 15 15 15 15 15 15 15 15 16 15 16 16 16 16 15 15]
 [16 16 17 16 17 16 16 16 16 16 16 16 15 16 15 16 15 15 14 14 14 15 15 16]
 [15 15 15 15 16 16 16 16 15 16 16 17 16 16 16 16 16 15 15 15 15 15 15 15]
 [15 15 14 14 15 15 15 14 15 15 15 15 15 14 15 15 16 17 16 16 16 17 16 16]
 [15 16 15 15 15 15 15 15 15 15 15 15 15 15 15 15 15 15 14 14 14 14 14 15]
 [16 15 16 16 16 16 16 16 16 16 16 15 15 15 15 15 15 15 15 15 15 15 15 15]
 [16 15 15 15 15 15 14 14 16 17 16 16 16 15 16 15 15 16 15 15 15 16 15 15]
 [15 15 15 15 15 15 14 15 15 15 15 15 15 15 14 15 17 16 15 17 16 15 15 15]
 [15 15 15 15 15 14 15 15 15 15 14 15 15 15 15 15 15 15 15 15 15 15 15 14]
 [15 16 16 16 15 15 15 15 15 16 15 15 15 15 14 15 15 15 14 15 15 15 15 15]
 [15 14 14 14 14 15 15 15 17 16 16 14 15 15 15 15 15 15 15 15 15 15 15 15]
 [15 14 15 15 15 15 15 14 15 14 14 14 14 14 14 13 16 16 15 15 15 16 15 15]
 [15 15 15 15 14 15 14 15 15 15 14 15 14 15 14 15 14 14 14 14 14 14 14 14]
 [16 15 16 15 16 14 15 15 15 15 15 15 15 14 15 15 15 14 14 14 15 14 14 14]
 [14 14 14 13 13 13 12 13 15 16 16 15 15 15 15 15 15 16 15 15 15 15 15 15]
 [14 15 14 14 14 15 14 14 14 14 13 13 13 13 12 12 16 16 16 16 15 15 15 15]
 [15 15 15 15 15 15 15 15 15 14 15 14 15 14 14 14 14 13 13 13 12 10  9  9]
 [15 16 16 16 16 15 15 15 15 15 14 15 15 15 14 15 14 15 14 15 14 14 14 14]
 [13 13 12 12  9  9  6  8 15 15 16 15 16 15 15 15 15 14 15 15 15 14 15 14]
 [14 14 14 14 14 14 14 13 13 12 11 10  8  5  4  4 15 16 15 15 15 15 15 15]
 [15 15 14 15 14 15 14 14 14 14 14 14 14 14 13 13 12 12 10 10  5  5  3  4]
 [16 15 15 14 15 14 15 15 15 14 15 14 14 14 14 14 14 14 14 14 14 13 14 13]
 [11  9  8  6  5  3  3  4 16 15 15 14 15 15 15 15 15 15 14 14 14 14 13 14]
 [14 14 14 14 13 13 12 13  9  9  5  6  3  4  3  4 16 15 15 15 15 15 15 15]
 [15 14 14 14 14 14 14 14 14 13 13 13 14 13 12 11  9  5  4  4  4  2  6  7]
 [15 16 15 15 15 15 15 15 14 15 14 14 14 14 14 14 14 14 13 13 12 13 12 12]
 [ 6  7  3  3  4  5  8  9 18 15 16 15 15 15 15 15 15 14 15 15 14 14 14 14]
 [14 14 14 13 14 13 12 11  9  6  4  4  7  8 10 10 16 17 16 15 14 15 14 16]
 [14 15 15 14 14 14 14 14 14 14 14 14 13 14 12 13  8  9  6  7  9 10 12 12]]