[[17 17 16 16 17 16 17 16 17 16 17 17 17 17 17 17 17 17 17 17 17 17 16 17]
 [17 16 17 17 17 16 17 16 16 16 16 16 17 16 17 17 17 16 17 17 17 16 16 16]
 [17 17 17 17 17 16 16 17 17 17 17 17 16 17 17 17 16 16 17 16 16 16 17 17]
 [17 17 17 17 17 16 17 17 17 16 17 17 17 16 17 16 17 17 17 16 17 16 17 17]
 [16 16 16 17 16 17 16 17 16 17 16 17 17 17 16 17 17 17 17 17 16 17 16 17]
 [17 17 16 17 17 17 16 17 16 15 17 17 17 17 17 17 17 16 17 17 17 16 17 17]
 [17 16 17 17 17 17 17 17 17 16 17 16 17 17 16 17 15 16 16 16 16 17 17 16]
 [17 17 17 17 16 16 16 17 17 17 16 17 17 17 17 17 16 17 17 17 17 17 16 17]
 [16 16 16 16 17 16 17 17 17 16 16 17 17 17 16 17 17 17 16 17 17 16 17 17]
 [17 16 17 17 17 17 16 17 16 16 16 16 17 17 16 16 16 17 17 17 17 16 17 16]
 [16 17 16 17 16 17 17 17 16 17 17 17 17 17 16 18 16 16 16 16 17 17 17 17]
 [17 17 17 17 16 17 17 17 17 17 16 17 17 17 17 17 17 17 17 17 17 16 17 17]
 [16 16 16 16 16 16 17 17 16 16 17 17 17 16 17 17 17 17 16 17 17 17 16 17]
 [17 17 17 17 17 16 16 17 16 16 16 16 16 17 17 17 16 16 17 17 17 17 17 17]
 [17 17 17 17 17 16 17 17 17 17 17 17 17 16 16 16 16 16 16 16 16 17 17 17]
 [17 17 17 17 16 17 17 17 17 17 17 17 17 16 17 17 17 17 17 17 17 17 16 17]
 [16 15 16 16 16 16 17 17 17 16 17 17 17 16 16 16 17 17 17 17 17 16 16 17]
 [17 17 17 17 17 17 16 17 16 16 16 17 16 17 17 17 16 16 17 17 17 17 17 17]
 [16 17 17 17 17 17 16 17 17 16 17 16 17 17 17 17 16 16 16 16 17 16 17 17]
 [17 17 17 17 17 17 17 17 17 17 17 17 17 16 17 17 17 17 17 17 17 17 17 17]
 [16 16 17 17 17 17 16 16 17 17 17 17 17 17 17 17 16 16 17 17 17 17 16 17]
 [17 16 16 17 16 17 17 17 16 16 17 16 17 16 16 17 17 16 17 17 17 17 17 16]
 [17 16 17 17 17 16 17 17 17 16 17 17 17 16 17 17 16 17 17 17 17 16 16 17]
 [17 16 16 17 16 17 17 17 16 17 17 17 17 17 16 17 16 16 17 17 17 16 16 17]
 [17 17 17 16 17 16 17 17 17 16 16 17 17 16 17 17 17 17 17 17 17 17 17 17]
 [16 17 17 16 17 17 17 17 17 16 17 17 16 16 17 16 16 17 17 17 16 17 17 17]
 [17 17 16 17 17 17 16 17 17 17 17 17 16 17 16 17 17 15 16 16 17 16 17 17]
 [17 16 16 17 17 17 16 17 17 16 17 17 17 17 17 17 17 16 17 17 16 16 17 17]
 [16 16 16 16 17 16 16 17 16 17 16 17 16 17 17 17 17 17 17 17 16 16 17 17]
 [17 17 17 17 17 17 16 17 18 21 16 17 17 16 16 17 16 16 17 17 17 16 17 17]
 [17 17 17 17 17 16 16 17 17 16 17 17 17 16 17 17 17 19 18 17 16 16 16 16]
 [16 17 17 17 17 16 16 17 17 17 16 17 16 17 17 17 17 17 16 17 17 17 16 16]]