[[13 13 13 12 13 12 11 11 13 13 13 13 13 12 13 13 13 12 13 13 14 13 13 13]
 [13 13 13 14 14 14 14 14 12 13 12 12 11 12 10 11 12 12 12 13 13 12 13 13]
 [13 13 13 13 13 14 13 13 13 13 13 14 14 14 15 15 13 12 12 12 12 12 11 11]
 [12 12 12 12 13 13 13 13 13 13 13 13 13 13 14 14 14 14 12 12 15 14 14 14]
 [12 12 12 11 12 11 11 10 12 12 12 13 12 13 13 13 13 13 13 13 13 13 14 14]
 [14 14 12 13 14 15 14 15 11 11 10 10 11 11 10  9 11 11 12 12 12 12 13 13]
 [13 13 13 13 13 13 13 13 14 14 13 13 13 14 14 15 11 11 10 10 10 10  9 10]
 [11 11 12 12 12 12 12 13 13 13 13 13 13 13 13 13 13 14 13 13 14 14 14 14]
 [10  9  8  8  8  8  9 10 10 11 11 11 11 12 12 12 12 13 13 13 13 13 13 13]
 [13 13 14 13 14 13 14 15  9  8  7  7  7  8  8  9 10 11 11 12 12 12 12 12]
 [12 12 13 13 13 13 13 13 13 13 14 13 13 13 14 15  7  5  4  3  5  5  8  8]
 [10 10 11 11 12 12 12 12 12 13 13 13 12 13 13 13 13 13 13 14 13 13 14 15]
 [ 6  5  3  3  2  4  6  8 10 10 11 11 11 12 12 12 12 12 13 12 13 13 13 13]
 [14 13 13 13 14 13 14 14  4  3  2  1  0  1  5  7  9 10 11 11 11 12 12 12]
 [12 13 12 13 13 13 13 13 13 13 13 14 13 14 14 15  5  4  2  1  0  1  6  7]
 [ 9 10 10 11 12 12 12 12 12 13 13 13 13 13 13 13 13 12 13 13 13 13 14 14]
 [ 7  6  4  4  3  4  6  7  8  9 10 11 12 12 12 12 13 13 13 13 13 13 13 13]
 [13 13 13 13 13 13 14 15  7  7  5  5  5  5  7  8  8  9 10 11 12 12 12 12]
 [12 13 13 13 13 13 13 13 13 13 14 13 13 13 14 15  9  8  7  6  7  7  7  8]
 [ 8  9 10 11 12 12 12 12 12 13 13 13 13 13 13 14 13 14 14 14 13 14 14 14]
 [ 9  8  8  8  8  8  8  8  9  9 11 11 11 12 12 12 12 12 13 13 13 13 13 13]
 [14 14 14 14 13 14 14 15  9  8  8  8  9  8  9  8  9  9 11 11 12 12 12 12]
 [13 13 13 13 13 13 13 13 14 13 14 14 14 14 15 14  9  9  9  9  9  9  9  9]
 [ 9  9 11 11 12 12 12 12 12 13 13 13 13 14 14 14 14 13 14 14 14 14 14 15]
 [11 10  9 10 10  9  9 10  9 10 11 11 12 12 12 12 13 13 13 13 13 13 13 14]
 [14 14 14 14 14 14 15 15 12 10 10  9 10 10 10 10 10 10 11 11 12 12 13 13]
 [13 13 13 13 13 13 14 13 14 13 14 14 14 14 14 15 13 11 10 10 11 11 11 11]
 [11 11 12 12 12 12 13 13 13 13 13 13 13 13 14 13 14 14 14 14 15 14 15 15]
 [12 12 10 10 11 10 11 11 11 11 12 12 13 12 13 13 13 13 13 13 13 13 13 14]
 [14 13 14 14 14 14 15 16 12 13 12 11 11 10 11 11 11 12 12 13 13 13 13 13]
 [14 13 13 13 13 14 13 14 13 14 14 14 15 14 16 15 12 13 12 12 11 10 11 11]
 [12 12 12 12 12 13 13 13 13 13 13 13 13 13 13 14 14 14 14 14 15 14 15 15]]