[[14 14 15 14 14 14 14 15 15 14 14 14 14 12 13 15 15 15 15 14 15 15 16 16]
 [16 16 16 16 16 17 18 16 15 15 14 14 14 14 14 15 15 14 14 14 14 13 15 15]
 [15 15 14 15 15 15 16 16 15 16 16 16 16 17 16 17 14 15 14 14 14 14 14 14]
 [14 14 14 15 14 14 14 14 15 15 14 14 15 15 16 16 16 16 16 16 17 16 16 17]
 [15 14 13 15 14 14 14 14 14 14 15 14 14 14 14 14 15 15 14 15 15 15 16 16]
 [16 16 16 16 16 16 16 17 15 14 14 13 15 15 14 14 14 14 14 15 15 14 13 14]
 [15 15 15 14 14 15 15 16 16 16 16 16 17 16 16 16 14 14 13 14 14 14 15 14]
 [14 14 14 14 15 14 13 14 15 16 14 15 15 15 16 16 16 16 16 16 16 16 16 16]
 [14 13 13 14 15 14 14 14 14 14 14 14 14 14 13 14 15 16 15 15 14 15 15 16]
 [16 15 16 16 15 16 16 17 13 13 14 14 14 14 14 14 14 14 14 14 14 14 14 14]
 [15 16 15 15 14 15 15 16 16 16 16 16 16 16 16 17 13 13 14 13 14 14 14 14]
 [15 14 14 14 15 14 14 15 16 15 16 15 15 15 15 15 16 16 15 15 16 16 16 16]
 [13 14 14 14 14 14 14 14 15 14 14 14 14 14 14 15 16 16 15 15 15 14 15 15]
 [16 16 16 16 16 16 16 17 13 14 14 14 14 14 14 14 14 14 15 14 14 14 14 15]
 [15 15 15 15 15 14 15 15 16 16 16 16 16 16 16 16 14 13 13 15 14 14 14 14]
 [14 14 14 15 14 14 14 15 16 16 15 15 14 15 15 15 16 16 15 16 16 16 16 17]
 [13 13 14 14 14 14 14 14 14 14 14 14 14 14 14 15 16 16 15 15 14 15 15 16]
 [16 16 16 16 16 16 16 16 13 13 14 14 14 14 14 14 14 14 15 14 14 14 15 15]
 [16 16 15 15 15 15 15 16 16 16 16 16 16 16 17 17 14 13 14 14 15 14 14 14]
 [14 14 14 14 14 14 15 15 16 16 15 15 15 14 15 15 16 16 16 15 15 16 17 16]
 [14 14 14 14 15 14 14 14 14 14 14 14 14 13 15 16 16 16 15 15 15 15 15 15]
 [16 16 15 16 16 16 16 17 14 14 14 14 15 14 14 14 15 14 14 14 14 14 14 15]
 [15 15 16 15 15 15 15 15 16 16 16 16 16 15 16 16 14 14 15 15 15 15 14 15]
 [14 14 14 14 14 14 15 14 15 15 15 15 15 15 16 15 15 16 16 16 16 16 16 16]
 [15 14 15 14 15 14 14 14 15 14 15 14 15 14 14 14 15 15 15 15 15 15 15 15]
 [15 16 16 16 16 16 16 16 15 15 14 14 15 15 14 14 14 14 14 14 14 14 14 15]
 [15 15 15 16 15 15 15 15 16 16 16 16 15 16 16 17 15 14 15 15 15 14 15 14]
 [15 14 14 14 14 14 15 15 15 15 16 15 15 15 16 15 16 16 15 16 16 15 17 16]
 [16 14 14 15 14 14 15 15 14 15 14 14 14 14 14 15 15 15 16 16 15 15 15 16]
 [16 16 15 16 16 16 16 17 15 14 14 15 15 14 15 14 14 14 14 14 15 14 14 15]
 [16 15 15 15 15 15 15 16 16 16 16 16 16 15 15 16 14 15 14 14 14 15 15 15]
 [14 14 14 15 15 14 15 15 15 15 15 15 15 15 15 16 16 16 15 16 16 15 15 15]]