[[15 15 16 15 15 15 15 15 15 15 15 16 16 16 15 16 16 16 16 16 16 17 16 16]
 [17 16 16 16 16 16 16 16 15 15 15 15 15 15 15 15 15 15 15 15 15 15 15 15]
 [15 16 16 16 16 16 16 16 17 17 16 17 16 17 16 16 15 15 15 15 16 15 15 16]
 [15 15 16 15 15 15 16 16 15 15 15 15 16 16 16 16 16 16 16 17 17 17 17 17]
 [15 15 16 15 16 15 15 15 15 15 16 15 15 15 15 15 15 16 15 15 14 16 16 17]
 [16 16 16 16 16 16 16 16 16 16 16 16 16 15 15 15 16 15 15 16 16 15 15 15]
 [15 15 15 15 15 15 15 16 16 16 16 16 17 16 17 16 15 15 15 15 15 15 15 15]
 [15 16 15 15 16 16 16 15 15 16 16 16 15 15 16 16 16 16 16 17 16 17 17 17]
 [15 15 15 15 15 15 15 15 15 15 15 15 16 16 15 15 16 15 15 16 16 16 16 16]
 [17 16 16 17 16 17 16 16 15 15 15 15 15 16 15 15 15 15 15 16 15 16 15 15]
 [16 16 16 16 15 15 16 16 16 16 16 16 17 17 16 16 16 16 15 15 15 15 15 16]
 [15 15 15 15 15 15 15 15 15 16 15 16 15 16 16 16 16 16 16 16 17 16 16 16]
 [15 16 15 16 15 15 15 16 15 15 16 15 15 16 16 15 15 15 15 15 15 16 16 16]
 [16 16 16 17 16 16 17 16 15 15 15 15 15 15 15 16 15 15 15 16 15 15 15 15]
 [16 15 15 15 15 15 15 16 16 16 16 16 17 16 16 16 16 16 15 16 15 15 15 15]
 [15 15 15 15 15 16 16 15 15 15 15 16 16 15 15 16 16 16 17 17 16 17 16 17]
 [16 15 15 16 15 15 15 16 15 15 15 16 16 15 15 16 16 15 15 15 16 15 16 16]
 [16 17 16 16 16 17 16 16 15 15 16 15 15 15 15 16 16 15 16 15 15 15 16 16]
 [15 16 15 15 15 15 16 15 16 17 17 16 16 16 16 16 16 15 16 16 16 16 15 15]
 [16 15 15 16 16 15 15 16 15 15 16 16 16 16 15 16 16 16 16 17 16 17 16 17]
 [15 16 16 15 16 15 15 15 15 15 16 15 15 15 16 16 15 15 15 16 16 15 16 16]
 [16 16 16 17 16 17 16 17 15 15 15 16 16 15 15 16 16 15 15 15 15 16 15 15]
 [16 15 15 15 16 16 16 17 17 16 17 17 17 16 16 17 15 15 15 15 15 15 16 15]
 [15 15 15 15 15 15 16 15 16 16 16 16 16 16 16 16 16 17 16 17 17 17 17 17]
 [16 15 15 16 16 15 15 15 16 15 15 16 16 15 16 15 16 15 16 16 16 16 16 17]
 [17 16 16 17 17 17 17 16 16 16 15 16 15 16 15 15 15 15 15 15 15 15 15 16]
 [15 16 16 16 15 16 16 16 17 17 17 17 17 17 16 16 20 19 15 15 16 15 15 16]
 [16 15 15 16 15 15 16 16 16 16 16 16 15 16 16 16 17 16 17 17 16 16 16 16]
 [21 19 16 16 15 16 16 16 15 15 15 15 16 15 16 15 16 15 16 16 16 16 16 16]
 [16 16 16 16 16 16 16 16 19 20 15 15 15 15 15 15 15 15 15 15 16 15 15 16]
 [16 16 16 16 16 16 16 16 16 16 16 16 17 16 17 16 17 17 15 14 15 15 16 15]
 [15 16 16 16 15 16 16 16 16 16 16 16 16 16 17 16 16 16 16 16 17 17 17 17]]