[[16 16 16 15 15 15 15 15 16 15 15 15 15 14 14 14 14 14 15 14 14 14 15 15]
 [15 14 15 14 16 15 16 15 15 16 15 15 15 15 15 15 14 15 14 15 14 15 14 14]
 [14 14 14 14 14 14 14 14 15 15 15 15 14 15 14 16 15 14 15 15 15 15 15 14]
 [14 14 14 14 14 13 14 13 14 14 14 13 14 13 13 12 13 13 14 15 14 14 15 15]
 [15 15 15 15 14 15 14 14 13 13 13 14 13 13 13 13 12 13 13 13 12 13 12 12]
 [12 13 13 14 14 15 14 14 15 15 15 15 14 14 13 13 14 13 14 13 14 14 14 13]
 [14 13 13 13 13 13 13 12 12 12 13 12 13 12 14 14 15 15 14 15 13 15 13 14]
 [14 14 14 14 14 14 13 13 13 14 14 14 14 14 13 13 13 13 13 14 13 13 13 13]
 [15 14 14 14 14 14 14 14 14 14 14 13 14 13 13 13 13 12 13 13 14 12 13 13]
 [13 13 13 13 13 13 14 14 14 15 14 14 14 14 14 14 14 14 13 13 13 13 12 12]
 [12 12 12 12 12 13 12 12 12 13 13 13 14 14 13 14 14 13 15 14 13 14 14 13]
 [14 13 13 13 13 12 12 12 12 11 12 11 12 11 11 12 12 12 12 12 13 13 13 13]
 [14 14 14 14 14 14 14 13 13 13 13 13 12 13 12 12 12 12 11 12 11 12 11 12]
 [11 12 12 12 13 13 13 14 14 13 14 14 14 13 13 13 13 13 13 13 13 12 13 12]
 [12 12 12 12 12 11 12 11 12 11 11 12 12 12 13 13 14 14 14 14 13 13 13 13]
 [13 13 13 13 12 13 12 13 12 12 11 12 11 11 11 11 11 11 11 12 12 13 13 13]
 [14 14 14 13 13 13 13 13 13 13 12 13 13 12 12 12 12 11 11 11 11 10 10  9]
 [10 10 11 11 12 11 12 13 14 14 14 13 13 13 13 13 13 13 13 12 12 12 12 12]
 [11 11 10 10  9 10  9  9  9  9 10 11 10 11 12 13 14 14 14 13 13 13 13 13]
 [13 12 13 12 12 12 12 11 11 11 10  9  9  7  6  6  6  6  8  8 10 11 12 12]
 [14 14 13 13 13 13 13 13 12 13 12 12 11 12 11 11 10 10  9  9  7  7  4  5]
 [ 4  4  6  7  9 11 11 12 13 13 13 13 13 13 13 13 13 12 12 11 11 10 11 10]
 [10  9  8  6  5  3  3  2  2  1  3  5  8  8 11 11 14 14 13 14 13 13 13 12]
 [12 12 11 11 10 11 10 10  8  9  6  6  3  4  1  2  1  2  2  3  8  9 10 12]
 [14 14 13 13 13 12 12 13 12 12 11 11 10  9  8  8  7  5  5  3  2  1  1  1]
 [ 1  1  1  2  7  9 11 12 14 14 13 13 12 13 13 13 12 12 11 11 10 10  7  7]
 [ 5  5  3  3  1  2  0  0  1  2  1  2  7  9 11 12 14 13 14 13 13 13 12 13]
 [12 11 11 11 10  9  6  4  4  3  2  2  1  1  0  1  1  0  1  3  7  9 11 12]
 [14 14 13 13 13 13 13 12 12 12 11 10 10  9  5  5  3  3  2  2  1  1  0  0]
 [ 0  2  2  4  7  9 11 12 15 14 14 14 14 12 12 13 12 12 11 10 10  9  7  5]
 [ 3  2  2  1  1  1  0  1  2  2  5  6 11 10 11 11 15 14 14 14 13 13 12 12]
 [12 12 11 11 10 10  7  7  3  3  1  2  2  2  3  2  4  4  5  9  9 11 12 12]]