[[17 17 18 17 17 17 18 17 16 17 17 17 17 16 17 16 17 17 16 16 16 16 16 16]
 [16 16 16 16 15 15 16 16 16 18 16 17 17 17 16 17 16 17 16 17 16 17 17 17]
 [16 17 17 17 16 16 17 17 16 16 16 16 15 16 15 17 18 16 16 17 17 17 16 17]
 [16 16 17 17 17 17 17 16 17 16 17 17 16 16 17 16 16 16 16 16 16 15 15 15]
 [15 15 17 18 16 17 16 17 16 17 16 17 17 17 17 16 16 17 16 17 16 17 16 16]
 [16 16 16 16 15 16 16 16 16 16 18 17 17 17 17 17 17 16 17 16 17 17 17 17]
 [17 16 16 16 17 16 16 16 16 16 16 15 15 15 15 15 16 17 17 17 16 17 16 17]
 [16 17 16 17 16 17 17 17 16 17 16 17 16 17 16 17 16 16 16 15 13 14 14 15]
 [16 16 17 17 17 16 17 17 16 16 17 17 17 17 17 16 17 16 16 16 16 16 16 16]
 [16 15 16 14 14 14 16 15 17 17 17 17 16 17 16 17 16 17 16 17 17 16 16 16]
 [16 17 16 16 16 16 16 16 15 16 15 15 14 15 15 17 17 16 17 17 17 17 17 17]
 [17 16 16 17 17 16 16 16 16 16 16 16 16 16 16 16 16 15 15 14 14 14 15 15]
 [17 18 17 17 17 16 17 17 17 17 17 17 16 17 16 16 16 16 16 16 15 16 16 16]
 [15 15 15 15 14 15 15 15 17 17 17 16 17 17 17 17 17 17 17 16 17 16 16 16]
 [16 16 16 15 14 14 15 15 15 15 15 15 14 14 14 14 17 17 17 17 17 16 16 17]
 [16 17 16 17 16 16 16 16 16 16 15 16 14 14 16 16 15 15 15 15 14 15 13 14]
 [17 16 17 17 17 16 17 17 17 16 16 16 16 16 17 16 16 15 15 15 15 15 16 16]
 [16 15 15 15 15 14 15 15 17 17 16 17 16 17 17 16 16 16 17 16 16 16 16 17]
 [16 16 15 16 15 15 16 16 15 15 14 15 14 15 14 15 17 17 17 16 17 17 17 16]
 [16 17 16 17 16 16 17 16 16 16 17 17 17 16 16 16 15 14 15 14 14 15 15 15]
 [17 18 17 17 16 17 16 17 16 16 16 16 16 17 16 16 16 16 17 17 16 16 15 16]
 [15 15 15 15 15 15 15 15 17 16 17 16 17 16 16 17 17 16 17 16 17 16 17 17]
 [17 17 17 16 16 16 15 15 15 15 15 15 15 14 15 15 16 17 17 17 17 17 17 17]
 [16 17 17 16 17 17 17 17 17 17 16 16 16 16 15 15 15 15 14 15 15 15 15 16]
 [17 16 17 17 17 16 17 17 17 16 17 16 17 17 17 16 16 15 15 15 16 15 15 14]
 [15 15 15 15 15 14 15 15 17 16 17 18 17 17 16 17 17 17 17 17 17 17 16 17]
 [15 15 15 15 16 15 15 15 15 14 15 16 15 15 14 16 17 17 17 17 17 17 17 16]
 [17 16 17 16 16 16 16 14 14 14 14 15 15 15 15 15 15 14 15 14 15 14 15 15]
 [17 17 17 18 17 17 17 17 17 17 17 17 16 17 14 15 14 14 15 15 15 15 14 15]
 [14 15 15 15 15 15 15 16 17 17 17 17 17 17 17 17 17 16 17 17 17 15 14 13]
 [14 14 15 15 15 15 15 14 15 15 15 15 15 15 16 15 16 17 16 17 17 17 17 17]
 [17 17 17 17 16 16 12 13 14 15 15 16 15 15 14 15 15 15 15 16 15 15 15 15]]