[[16 16 14 15 15 15 16 16 16 16 16 17 17 16 16 16 16 16 16 16 16 16 16 17]
 [17 17 17 16 17 17 17 17 16 16 15 15 15 16 15 15 16 16 16 16 16 16 16 16]
 [16 16 16 16 16 17 16 16 17 16 16 16 17 16 17 16 16 16 15 15 15 16 16 15]
 [16 16 16 16 17 17 16 16 16 16 16 16 16 16 16 16 17 17 17 17 17 17 17 17]
 [16 16 15 15 16 15 15 15 16 16 16 16 16 17 16 16 15 16 16 16 16 16 16 16]
 [17 17 16 16 17 17 16 16 15 15 15 15 16 16 16 16 16 16 16 16 16 16 16 16]
 [16 16 16 16 16 16 16 16 17 16 17 16 17 17 16 17 15 15 15 15 16 17 16 16]
 [16 16 16 16 16 17 16 16 16 16 16 16 16 16 16 17 17 16 17 17 17 17 17 17]
 [16 16 15 15 16 16 16 16 16 16 16 16 16 16 17 16 16 16 16 16 17 16 16 16]
 [17 17 16 17 17 17 17 17 15 16 15 15 16 16 16 16 16 16 16 16 16 16 16 17]
 [16 16 16 16 16 16 16 16 16 17 17 16 17 17 16 16 16 15 16 15 15 16 15 16]
 [16 16 16 16 16 16 16 17 17 16 16 16 16 16 16 17 17 17 17 17 17 17 16 16]
 [15 15 15 15 15 15 16 15 16 16 16 16 16 16 16 16 17 16 16 16 16 16 16 16]
 [17 16 16 16 17 17 16 16 16 15 15 15 16 15 16 16 16 16 15 16 16 16 16 16]
 [16 16 16 16 16 16 16 16 16 16 17 17 17 16 17 17 15 15 15 15 15 15 16 15]
 [16 16 16 16 16 16 16 16 16 16 16 16 16 16 16 16 16 16 16 16 17 17 16 17]
 [15 15 15 15 15 16 15 16 16 16 16 16 16 16 16 16 16 16 16 16 16 16 16 16]
 [16 16 17 17 16 17 17 17 15 14 15 15 16 15 16 16 16 16 16 16 16 16 16 16]
 [16 16 16 16 16 16 16 16 17 16 16 16 16 17 17 17 16 15 15 15 16 16 16 16]
 [16 16 16 16 16 16 16 17 17 16 16 16 16 16 16 16 16 16 16 17 17 17 17 17]
 [15 16 15 15 16 15 16 16 16 16 16 16 16 16 16 16 16 17 16 16 16 16 16 16]
 [16 16 16 16 16 17 17 17 15 15 15 15 15 16 16 16 16 16 16 16 16 16 16 16]
 [17 16 16 16 16 16 16 16 16 16 16 16 17 16 17 17 15 16 16 15 16 16 16 16]
 [16 16 16 16 16 16 16 16 16 16 16 16 16 16 16 16 16 16 16 16 16 17 16 17]
 [15 15 15 15 15 16 16 17 16 16 16 17 16 16 16 16 16 16 16 16 16 16 16 16]
 [16 16 17 17 17 17 17 16 16 16 15 15 15 16 16 16 16 16 15 16 16 16 16 16]
 [16 16 16 16 16 16 16 16 16 16 16 17 16 17 17 17 17 15 15 16 16 16 16 16]
 [16 16 16 16 17 16 16 16 16 16 17 16 16 16 16 16 16 16 16 17 17 17 17 17]
 [16 16 16 15 16 16 16 16 16 16 16 16 16 16 16 16 17 17 16 17 16 16 16 16]
 [16 16 16 16 17 16 16 17 16 15 16 16 16 16 16 16 16 16 16 16 16 16 16 16]
 [17 16 16 17 16 16 16 16 17 16 16 17 17 16 17 16 16 16 16 16 16 15 16 16]
 [16 16 16 16 16 16 16 16 16 17 16 17 16 17 16 16 16 17 16 17 16 16 16 16]]