[[16 16 15 15 14 15 15 15 15 15 15 15 15 15 15 16 15 15 15 15 15 15 15 15]
 [15 15 15 16 16 16 16 16 15 15 15 15 15 15 14 14 15 15 15 15 15 15 15 15]
 [16 15 15 15 15 15 15 15 16 15 15 16 16 16 15 16 15 15 15 15 15 15 14 15]
 [15 15 15 15 15 16 15 15 15 15 15 15 15 16 15 15 16 15 15 16 16 16 15 16]
 [15 15 14 15 15 15 15 14 15 15 15 15 16 15 16 15 15 15 15 15 15 15 15 15]
 [15 15 15 15 16 16 16 16 15 15 15 15 15 15 14 15 15 15 15 16 15 15 15 15]
 [15 15 15 15 15 15 15 15 15 15 15 15 15 16 16 16 15 15 15 15 15 15 15 15]
 [15 15 15 15 16 15 15 15 15 15 15 15 15 15 15 15 15 15 15 15 15 15 17 15]
 [15 15 15 15 15 15 15 15 15 15 15 15 15 15 15 15 15 15 15 15 16 15 15 15]
 [15 15 15 15 15 16 16 16 15 14 15 15 15 14 16 15 15 15 15 15 15 15 15 15]
 [15 15 15 15 16 15 15 15 15 15 15 15 15 15 16 16 14 15 15 15 15 15 15 15]
 [16 16 15 15 15 15 15 15 15 16 15 15 15 16 15 15 15 16 15 15 15 15 16 16]
 [15 15 15 15 16 15 15 15 15 15 15 15 15 15 15 16 15 15 15 15 15 15 15 15]
 [15 15 15 15 15 15 16 15 15 15 15 15 15 15 16 15 16 16 16 15 16 15 15 15]
 [15 15 15 15 15 15 15 15 15 15 15 16 15 15 16 16 16 15 14 15 15 15 15 15]
 [16 15 15 16 16 15 15 15 15 16 15 15 16 16 15 15 16 15 15 16 15 15 16 16]
 [15 15 15 15 15 15 15 15 16 16 16 16 15 15 15 15 15 15 15 15 15 15 15 16]
 [16 16 15 15 15 15 15 16 15 15 14 15 15 15 16 15 16 16 16 16 15 16 15 15]
 [15 15 16 15 16 15 15 15 15 15 15 16 16 15 16 16 15 15 15 15 15 15 15 15]
 [16 16 15 16 15 15 15 16 15 15 15 15 16 15 15 15 15 15 15 16 15 16 16 16]
 [15 15 15 15 15 15 15 15 16 16 16 16 16 16 15 15 15 16 15 16 15 15 15 15]
 [16 15 15 15 16 16 16 16 15 15 15 15 15 15 15 16 16 16 16 16 16 16 15 15]
 [15 15 15 15 15 15 15 15 15 15 15 16 15 15 16 16 15 14 15 14 15 15 15 16]
 [16 15 15 15 16 16 16 15 15 15 15 16 15 15 15 15 15 15 15 16 16 15 16 16]
 [15 15 15 15 15 15 15 15 15 15 15 15 16 16 16 15 15 16 15 15 15 16 15 16]
 [16 16 15 16 15 15 15 16 17 15 15 15 16 15 15 15 16 15 15 16 15 15 16 15]
 [15 15 15 16 16 15 15 15 15 15 16 15 15 15 16 16 18 16 15 15 16 15 15 15]
 [15 16 16 16 15 16 16 15 15 15 16 15 16 15 15 16 16 15 15 15 15 16 16 17]
 [18 19 15 14 15 15 15 15 16 15 16 15 16 15 15 16 16 16 16 15 15 15 15 16]
 [16 15 16 16 16 16 15 16 18 20 15 15 15 15 15 15 15 16 15 15 16 16 16 16]
 [16 16 15 15 15 15 16 16 15 16 16 15 16 16 15 16 17 18 15 14 15 15 15 15]
 [15 16 16 16 15 15 15 16 16 15 15 15 15 15 15 16 16 15 15 16 16 16 16 16]]