[[16 16 17 18 17 16 17 16 17 17 16 17 16 17 17 17 17 16 17 17 17 17 16 17]
 [16 16 16 17 17 17 17 17 17 16 17 17 17 17 16 17 16 17 17 17 17 17 17 17]
 [17 16 17 16 17 17 17 17 17 17 17 17 17 16 17 16 18 17 17 16 17 17 17 17]
 [17 17 17 17 17 17 17 16 17 17 17 17 17 17 17 16 17 17 17 17 17 17 17 17]
 [15 16 17 17 17 17 17 17 17 17 17 17 17 17 16 17 16 16 16 17 17 16 16 17]
 [17 17 17 17 17 16 17 16 16 16 17 17 17 17 17 17 16 17 17 18 17 16 17 16]
 [17 17 17 17 17 17 17 17 17 17 17 17 16 17 17 18 17 17 16 17 16 17 17 17]
 [17 17 17 17 17 17 17 17 16 17 16 17 16 17 16 17 16 17 17 17 17 17 16 17]
 [17 17 17 17 17 17 17 17 17 17 16 17 16 17 16 17 16 17 17 17 17 17 17 17]
 [17 17 17 17 16 17 16 16 17 17 17 17 17 17 17 17 17 17 17 17 17 17 17 17]
 [16 17 17 17 17 17 16 17 17 16 17 17 16 17 17 17 17 17 17 17 17 17 17 17]
 [17 17 16 17 17 17 17 17 17 17 17 17 17 17 16 17 17 17 17 17 17 17 16 17]
 [17 17 17 17 17 17 17 17 17 17 17 17 17 17 17 17 17 17 17 17 17 16 17 16]
 [17 17 16 17 17 17 16 17 17 17 17 17 17 17 17 17 17 17 16 17 17 17 17 17]
 [17 16 16 17 16 17 17 17 16 17 17 17 17 17 17 17 17 16 17 16 17 17 17 17]
 [17 17 17 17 17 17 17 17 17 17 16 17 17 17 17 17 17 17 17 17 17 17 17 17]
 [17 17 17 17 17 17 16 17 17 17 17 16 17 17 16 17 17 17 17 17 17 17 17 17]
 [17 17 17 17 17 17 17 17 17 17 17 17 17 16 17 17 16 17 17 17 17 17 17 17]
 [17 16 17 17 17 17 17 17 17 17 17 16 17 17 17 17 17 17 17 17 17 17 17 17]
 [17 17 17 17 17 17 17 17 17 17 17 17 17 17 17 17 17 16 17 17 17 17 17 16]
 [17 17 17 17 17 17 17 17 17 17 17 17 17 17 17 17 17 16 16 17 17 16 17 17]
 [17 17 17 17 17 17 17 17 16 17 18 16 17 17 17 17 17 16 17 16 17 17 17 17]
 [17 17 17 17 17 16 17 17 17 17 17 17 17 17 17 17 17 17 17 17 17 17 17 17]
 [17 17 17 17 17 17 17 17 17 17 17 16 16 17 17 17 16 16 17 17 17 16 17 17]
 [16 17 17 17 17 17 17 17 17 17 16 17 17 17 17 17 17 17 17 17 17 17 17 17]
 [17 16 17 17 17 17 17 16 19 17 17 17 17 17 17 17 16 16 17 17 17 17 17 17]
 [17 16 17 17 16 17 16 17 17 16 17 16 17 16 17 17 21 20 17 17 17 17 17 17]
 [18 17 17 17 16 16 17 17 17 17 17 17 17 17 17 17 17 17 17 16 16 17 17 17]
 [21 18 17 17 17 17 17 17 17 17 17 17 16 17 17 17 17 17 17 17 17 17 16 17]
 [16 17 17 17 17 16 16 17 20 21 17 17 17 17 17 17 17 17 17 17 17 16 16 17]
 [17 17 17 17 17 17 17 17 17 16 17 17 16 17 17 16 19 19 19 17 17 17 17 17]
 [16 16 16 17 17 17 17 17 17 17 16 17 17 16 17 17 16 16 17 17 16 16 17 17]]