[[16 16 16 16 16 16 16 15 16 15 15 15 15 15 15 15 15 15 15 15 15 15 15 15]
 [15 15 15 15 15 15 16 15 16 16 16 17 16 15 16 16 15 15 16 16 15 16 15 16]
 [15 15 15 15 15 15 15 16 15 15 14 15 15 14 14 15 16 16 16 16 16 16 16 15]
 [15 15 16 15 15 15 15 15 15 15 15 15 15 15 15 15 15 15 15 14 15 15 15 15]
 [17 16 15 16 16 16 15 16 15 15 16 16 15 15 15 15 15 15 15 15 15 15 15 15]
 [15 15 15 14 15 14 14 15 16 16 17 15 16 16 15 15 15 16 15 15 15 15 15 15]
 [15 15 15 15 15 15 15 15 15 14 14 14 15 14 14 14 16 16 16 16 16 16 15 16]
 [15 15 15 16 15 15 15 15 15 15 15 15 15 15 15 15 15 15 14 15 14 14 14 14]
 [16 16 16 16 16 15 16 15 15 15 15 15 15 15 15 15 15 15 15 15 15 15 15 15]
 [15 15 14 14 14 14 14 14 16 16 15 15 16 16 16 15 16 15 15 15 15 15 15 15]
 [15 15 15 15 15 15 14 15 15 14 14 15 14 14 13 14 16 16 15 15 16 16 15 15]
 [15 15 15 15 15 15 15 15 15 15 15 15 15 15 15 15 15 15 15 14 14 13 13 13]
 [16 16 16 16 16 15 15 15 15 15 15 16 15 15 15 15 15 15 15 15 15 15 15 15]
 [15 15 14 15 14 14 12 13 16 15 15 15 16 16 15 15 16 16 15 15 15 15 15 15]
 [15 15 15 15 15 15 15 15 15 15 14 14 14 13 12 12 16 16 15 16 16 16 15 16]
 [15 15 15 15 15 15 15 15 15 15 15 15 15 15 15 15 15 14 14 14 14 14 12 13]
 [17 16 16 16 16 15 15 15 15 15 15 15 15 15 15 15 15 15 15 15 15 15 15 14]
 [14 15 14 14 14 14 13 13 16 17 16 16 15 16 15 16 15 16 15 16 15 15 15 15]
 [15 15 15 15 15 15 15 15 15 15 14 14 14 14 13 14 16 17 16 16 16 16 15 15]
 [16 15 15 15 15 15 15 15 15 15 15 15 15 15 15 15 15 14 14 14 14 14 14 13]
 [17 16 16 16 16 15 15 16 16 15 15 15 15 15 15 15 15 15 15 15 15 15 15 15]
 [14 15 14 15 14 15 14 15 16 16 16 16 16 16 15 15 16 15 15 15 15 15 15 15]
 [15 15 15 15 15 15 15 15 15 14 15 14 15 14 14 14 17 17 16 17 16 16 15 15]
 [15 15 15 15 15 15 15 15 15 15 15 15 15 15 15 15 15 14 15 15 14 14 13 14]
 [16 17 16 16 16 16 15 16 16 16 15 15 15 15 15 15 15 15 15 15 15 15 15 15]
 [15 15 15 14 14 14 13 12 16 17 17 16 16 16 15 16 15 15 15 15 15 15 15 15]
 [15 15 15 16 15 15 15 16 15 15 15 14 14 14 13 13 17 16 16 16 17 16 16 16]
 [16 15 15 15 15 15 15 15 15 15 15 15 15 15 15 15 15 15 14 14 15 14 13 12]
 [17 17 16 17 17 16 16 16 16 16 15 15 15 15 15 15 15 15 15 15 15 15 15 15]
 [15 14 14 14 14 14 12 12 17 17 17 17 16 16 16 17 15 15 15 15 16 16 15 15]
 [15 15 15 15 16 15 15 15 15 14 15 14 15 13 12 12 18 16 17 16 17 16 16 17]
 [16 16 15 15 15 15 15 14 15 15 14 15 15 15 15 15 15 15 14 15 14 13 12 12]]