[[12 12 11 13 12 14 14 15 16 16 16 17 17 17 16 16 17 17 17 17 16 17 16 17]
 [17 17 17 16 17 17 17 17 11 12 11 10 10 10 15 15 17 16 17 16 17 16 17 16]
 [17 16 17 17 17 16 17 17 17 16 17 17 17 17 17 16 11 10  3 -1  0 12 15 16]
 [16 16 16 16 16 17 16 16 17 16 16 17 17 17 17 17 17 17 16 17 17 16 17 18]
 [11  9 -3 -7  9 10 16 16 16 16 16 16 17 17 17 17 17 16 17 17 17 17 17 17]
 [17 16 17 17 17 17 16 17 10 10  1  2  9 16 15 16 16 16 16 16 16 17 16 17]
 [16 17 16 16 17 17 16 17 17 17 17 17 17 17 16 17 11  9  6  6 15 15 16 16]
 [16 16 16 17 16 17 17 17 17 17 17 17 16 17 16 17 17 17 16 17 17 16 16 17]
 [11 11 10 14 14 16 15 16 16 16 16 17 16 16 16 17 17 17 17 17 16 17 17 17]
 [17 17 16 17 16 17 17 16 12 11 14 14 16 15 16 16 16 16 16 16 17 16 16 17]
 [17 17 17 17 17 16 17 17 17 16 16 17 17 17 17 17 13 13 14 15 15 16 15 15]
 [16 16 16 16 16 17 17 17 17 17 17 17 17 17 17 17 17 16 16 17 16 17 16 17]
 [13 13 15 15 15 15 16 16 16 16 16 16 17 16 17 17 17 16 17 17 16 16 16 16]
 [17 17 17 17 17 17 17 16 13 14 13 14 13 16 16 16 16 16 16 16 17 17 16 17]
 [16 17 16 17 17 17 16 17 17 17 17 17 17 17 16 17 14 14 14 13 15 15 16 16]
 [16 16 16 16 16 16 17 16 17 17 17 17 16 16 17 17 17 17 17 17 16 17 17 17]
 [13 13 13 14 14 15 15 16 16 16 16 16 16 16 17 16 16 16 17 17 17 17 17 17]
 [16 17 16 17 17 16 16 17 14 13 14 14 16 15 16 16 16 16 16 16 16 17 17 17]
 [17 16 17 16 17 17 17 17 17 17 17 17 16 17 16 17 14 15 13 14 15 15 15 15]
 [16 16 16 16 16 16 16 17 17 16 17 17 17 17 17 17 17 17 17 17 17 17 17 16]
 [14 14 14 14 15 15 15 15 15 16 16 16 16 16 16 16 16 17 17 17 17 17 17 17]
 [16 17 17 16 17 17 17 17 15 15 14 15 15 14 14 15 15 15 16 16 16 16 16 17]
 [17 17 16 17 17 17 16 17 16 16 17 17 17 16 17 17 15 15 15 15 15 14 15 15]
 [15 15 16 15 16 16 16 16 17 16 17 16 17 16 17 17 16 17 17 17 16 16 16 17]
 [16 15 14 16 15 15 15 15 15 15 16 16 16 16 16 16 17 17 16 17 16 17 16 17]
 [17 16 17 17 16 17 17 17 18 16 15 15 16 16 16 15 16 15 16 15 16 16 16 16]
 [16 16 17 16 17 16 16 17 16 17 17 17 17 17 17 17 20 17 15 16 16 16 16 15]
 [15 15 15 16 16 16 16 16 17 16 16 17 17 17 17 16 17 17 17 17 16 17 17 17]
 [19 17 16 16 16 15 15 15 15 16 16 16 16 16 16 16 16 16 16 16 16 17 16 17]
 [16 16 17 16 16 16 16 17 18 17 16 16 16 16 15 16 16 16 16 16 16 16 16 16]
 [16 16 16 16 16 17 16 16 16 17 16 16 17 16 16 17 16 16 16 16 16 15 16 16]
 [16 17 16 16 17 16 16 16 16 16 16 17 16 16 16 16 17 17 17 16 17 17 17 17]]