[[ 16  16  17  17  17  17  17  17  17  17  17  17  17  17  17  17  17  17
   17  17  17  17  17  17]
 [ 17  17  16  16  17  17  17  16  17  18  17  17  17  17  17  18  17  17
   17  17  17  17  17  17]
 [ 17  17  17  17  17  16  16  17  16  16  17  16  17  17  17  18  17  17
   18  17  17  17  17  17]
 [ 17  17  17  16  17  17  17  17  17  16  17  16  17  17  16  17  16  17
   16  17  17  17  16  17]
 [ 17  18  17  17  17  17  17  17  17  16  17  17  17  17  16  17  17  17
   16  17  17  17  17  16]
 [ 16  17  17  16  17  17  16  17  17  17  17  17  17  17  17  17  17  17
   17  16  17  17  17  17]
 [ 17  17  16  16  17  17  17  16  17  17  16  16  17  16  16  17  17  17
   16  16  17  17  17  17]
 [ 17  17  16  17  16  17  16  17  17  17  17  17  16  17  16  16  17  16
   16  16  16  17  16  17]
 [ 16  17  17  17  17  17  17  17  17  17  17  17  17  17  17  17  17  17
   17  17  17  16  17  17]
 [ 17  16  16  16  16  17  17  16  17  17  17  17  17  16  17  17  17  17
   17  17  17  16  16  17]
 [ 16  16  16  17  16  17  16  17  16  16  16  16  16  17  16  16  17  17
   18  17  17  16  17  17]
 [ 17  17  17  17  17  17  17  16  16  16  17  16  16  17  16  16  16  16
   16  16  16  17  17  16]
 [ 16  17  16  17  17  17  17  17  17  17  17  17  17  17  16  17  16  17
   17  17  16  16  16  16]
 [ 16  17  16  16  16  16  16  17  16  17  17  16  17  17  17  17  17  17
   17  16  17  17  16  17]
 [ 17  17  17  17  16  16  16  17  17  16  15  16  16  16  17  16  17  17
   16  16  17  17  17  17]
 [ 17  17  17  17  16  16  17  16  17  17  16  17  16  17  16  16  16  16
   16  16  16  17  16  17]
 [ 17  16  16  16  17  17  16  17  17  16  17  17  16  16  17  16  17  16
   17  16  16  16  16  16]
 [ 16  16  15  16  16  16  17  16  17  17  17  17  17  17  17  17  16  17
   17  17  17  17  16  16]
 [ 17  17  17  17  16  16  16  16  16  16  15  15  16  16  16  17  17  17
   17  17  17  17  17  16]
 [ 16  17  16  16  17  16  16  16  17  17  17  17  16  16  16  17  16  15
   15  16  16  17  16  16]
 [ 16  17  17  17  17  17  16  17  16  17  16  16  16  16  16  16  16  16
   17  16  16  16  16  16]
 [ 15  15  14  15  16  17  17  17  17  17  16  16  16  16  16  16  16  16
   16  15  15  15  15  16]
 [ 16  17  16  16  16  16  16  16  15  14  15  15  16  16  16  16  17  17
   17  16  16  16  16  16]
 [ 16  16  15  15  14  14  15  15  17  16  16  16  15  16  16  16  14  14
   14  15  16  16  16  16]
 [ 17  17  16  16  16  16  16  16  16  16  15  15  15  14  14  15  16  16
   16  16  15  16  16  15]
 [ 13  13  15  16  16  16  17  16  16  16  16  17  15  15  16  15  16  15
   16  15  15  14  14  15]
 [ 16  16  16  16  15  15  15  14  13  14  15  16  16  16  16  17  16  16
   17  16  15  15  14  14]
 [ 14  13  15  15  15  14  14  15  16  16  16  16  15  16  14  13  13  14
   16  17  17  16  16  16]
 [ 16  16  16  16  15  15  13  11  11  10  12  13  15  15  14  15  15  15
   15  15  15  16  13  13]
 [ 13  14  15  16  17  16  16  16  15  16  16  15  14  12   7   0  -5  -6
   -5   0  11  13  14  15]
 [ 15  15  14  15  16  15  12  12  14  15  15  16  16  16  16  17  15  15
   15  15  14  13   5   0]
 [ -9  -8 -10  -9   6  11  14  15  15  14  14  15  15  15  12  12  14  16
   16  16  16  16  15  15]]