[[17 17 16 16 16 16 15 16 16 16 15 17 17 16 16 16 16 17 17 17 17 17 17 17]
 [17 17 17 17 17 17 16 17 15 16 16 15 16 15 16 16 16 16 17 17 17 17 17 17]
 [17 17 17 17 17 17 17 17 17 17 17 16 17 17 17 17 16 17 15 16 16 16 15 16]
 [16 16 16 16 17 17 17 16 17 17 17 17 17 17 17 17 17 17 16 17 17 17 17 17]
 [16 16 16 15 16 16 16 16 17 16 17 17 16 16 17 17 17 16 16 16 17 16 17 17]
 [17 17 17 17 17 17 17 17 15 16 16 16 16 16 16 16 16 16 16 17 17 17 16 17]
 [17 17 16 17 17 17 17 17 16 17 17 16 17 17 16 17 16 15 15 16 16 16 16 16]
 [16 16 16 16 17 17 17 17 17 17 17 17 17 17 16 16 17 17 17 17 16 16 17 16]
 [16 16 15 15 16 16 16 17 16 16 16 16 16 17 17 17 17 17 16 17 17 17 17 17]
 [17 17 16 17 17 17 16 17 16 15 15 16 16 16 16 16 16 16 16 17 17 17 17 16]
 [17 17 17 17 17 17 17 17 17 17 17 16 16 17 17 17 16 16 15 15 15 16 16 16]
 [16 16 16 16 17 17 16 17 17 17 17 17 17 17 17 17 17 17 17 17 17 17 16 16]
 [16 16 16 16 16 16 16 16 17 16 17 17 17 17 17 17 17 17 16 17 17 17 17 17]
 [17 17 16 17 17 17 16 17 16 16 15 15 16 16 16 16 16 17 17 17 17 17 17 17]
 [16 17 17 17 17 17 16 17 17 17 16 16 16 17 17 16 15 16 16 16 16 15 16 16]
 [16 16 17 17 17 17 16 17 17 17 16 17 17 17 17 17 17 17 17 17 17 17 16 16]
 [15 16 16 16 16 16 16 16 16 16 16 17 17 17 16 17 17 17 16 17 17 17 17 17]
 [16 17 17 17 16 17 16 17 16 16 16 16 16 15 16 16 17 16 17 16 17 17 17 17]
 [17 17 17 17 17 17 17 17 17 17 17 16 17 17 16 17 16 16 16 16 16 16 15 16]
 [16 16 16 16 17 17 17 17 17 17 17 16 17 17 16 17 16 17 17 17 17 17 17 17]
 [16 16 16 16 16 16 15 16 16 16 16 16 17 17 17 17 17 17 17 17 17 17 17 17]
 [17 17 17 17 17 17 16 17 16 16 16 16 16 16 16 17 16 16 16 16 17 17 17 17]
 [17 17 17 17 17 16 17 17 17 17 17 17 17 17 17 17 16 16 16 16 16 16 17 16]
 [16 16 16 16 17 17 17 17 17 17 17 17 17 16 17 17 16 17 17 17 16 17 17 17]
 [17 17 16 16 16 16 16 17 16 17 17 17 17 17 16 17 17 17 17 17 17 17 17 16]
 [17 17 17 17 17 17 17 17 19 19 17 16 17 16 16 17 17 16 17 17 17 17 16 16]
 [17 17 17 17 17 17 16 17 17 17 17 17 17 16 17 17 21 22 16 17 16 16 16 16]
 [17 17 17 17 16 17 17 17 17 17 17 17 17 17 17 17 17 17 16 17 17 16 16 17]
 [22 21 18 17 16 17 16 15 17 17 17 17 17 17 16 17 17 17 16 17 17 17 17 17]
 [17 17 16 17 17 17 16 17 20 21 18 17 16 16 16 16 16 17 17 17 17 17 17 17]
 [17 17 17 17 16 17 17 17 17 17 17 17 17 17 17 17 20 21 19 16 16 16 16 15]
 [16 16 16 17 17 17 17 17 17 17 16 17 17 17 17 17 16 17 16 17 17 17 16 16]]