[[14 14 16 15 14 14 14 14 15 15 14 14 14 14 14 14 14 14 14 14 14 14 14 14]
 [14 14 13 13 13 13 12 13 15 15 15 15 14 15 15 14 14 14 14 14 14 14 14 14]
 [14 14 13 14 14 14 14 13 14 14 13 14 14 13 13 13 15 15 15 14 15 15 14 14]
 [14 14 14 14 14 14 14 14 14 13 13 13 14 14 13 14 14 13 13 13 13 13 13 13]
 [15 15 15 14 15 14 14 15 14 14 14 14 14 14 14 14 13 13 13 13 14 13 13 13]
 [13 13 13 13 13 13 13 13 15 15 14 15 15 15 14 14 14 14 14 14 14 14 14 14]
 [14 14 13 14 13 13 13 12 12 12 13 13 13 13 13 13 14 15 15 14 14 14 14 14]
 [14 14 14 14 14 14 14 14 13 13 13 13 13 13 12 12 11 12 12 12 13 13 12 13]
 [14 15 15 15 14 15 14 15 14 14 14 14 14 14 14 14 13 14 14 13 13 13 12 11]
 [11 11 12 12 13 12 12 13 15 15 15 14 15 14 15 14 14 15 14 14 14 14 14 14]
 [13 14 13 13 13 13 11 11 10 10 11 12 12 13 13 13 15 15 15 14 14 15 15 15]
 [14 14 14 14 14 14 14 14 14 14 13 13 13 13 12 11 10 11 11 12 13 12 13 12]
 [15 14 15 15 14 14 14 14 14 14 14 14 14 14 14 14 13 14 13 13 13 13 11 11]
 [10 11 11 11 12 13 12 12 15 15 15 15 15 15 14 14 14 14 15 14 14 14 14 14]
 [13 14 13 13 13 13 12 11 11 11 11 12 12 12 12 12 15 15 15 15 14 14 14 14]
 [14 14 14 14 14 14 14 14 13 14 13 13 13 13 12 12 11 11 11 11 12 12 12 12]
 [14 15 15 15 14 15 14 15 14 14 14 14 14 14 14 14 14 13 13 12 13 13 12 12]
 [11 11 11 11 12 12 12 11 14 15 14 15 14 14 14 15 14 14 14 14 14 14 13 14]
 [13 14 12 12 13 13 12 12 11 11 11 12 12 12 12 12 15 15 15 15 15 14 15 14]
 [14 14 14 14 14 14 14 14 14 13 13 12 13 13 13 12 11 11 12 12 12 12 11 12]
 [15 15 15 15 15 14 14 15 14 14 14 14 14 14 13 14 14 14 13 13 13 13 12 13]
 [11 12 11 12 12 12 11 12 15 15 15 15 15 15 15 15 15 14 14 14 14 14 14 14]
 [14 13 14 13 13 13 13 12 11 12 12 12 11 11 10  9 15 15 15 14 15 15 14 14]
 [14 14 14 14 14 14 13 14 14 14 13 13 13 13 13 13 12 12 12 12 11 11  8  9]
 [15 15 15 15 15 15 15 14 14 14 14 14 14 14 14 14 14 13 14 13 13 13 13 13]
 [12 13 12 12 11 10  8  6 16 15 15 15 14 15 14 15 14 14 14 14 14 14 14 14]
 [14 14 13 14 13 13 13 13 12 12 11 11 10  9  6  5 15 16 15 15 15 14 15 14]
 [14 14 15 14 14 14 14 13 14 13 14 14 13 13 13 12 12 12 11 10  9  9  6  5]
 [16 16 14 15 15 15 14 14 14 14 14 14 14 14 13 14 14 14 14 13 13 13 13 13]
 [12 11 10 10  9  8  5  6 15 16 15 15 14 14 14 14 13 14 14 14 14 14 14 13]
 [14 14 14 13 13 13 13 12 12 11 10  9  9  8  8  8 15 15 15 15 15 14 13 14]
 [14 14 14 14 14 14 14 15 13 14 13 14 13 13 13 13 11 12 10 10  9  8  9  9]]