[[18 18 17 17 17 17 17 17 17 16 17 17 17 17 17 17 17 17 17 17 17 17 16 16]
 [17 17 17 17 17 17 16 17 17 16 16 17 17 17 17 17 17 17 17 17 17 17 17 17]
 [17 17 17 17 17 17 16 17 17 17 16 17 17 18 16 18 17 17 16 16 17 16 17 16]
 [17 17 17 17 17 16 17 17 17 17 17 17 17 16 16 17 17 17 16 17 17 17 16 16]
 [16 17 17 17 17 17 17 17 17 17 17 17 17 17 17 17 17 17 17 17 16 17 16 17]
 [16 17 16 16 16 17 16 16 16 17 16 17 17 17 16 17 17 17 17 16 17 17 17 17]
 [17 17 17 16 17 17 17 17 17 17 17 16 17 17 16 16 17 17 16 17 17 17 17 17]
 [17 17 17 17 17 17 16 17 16 17 17 17 17 17 16 17 17 17 17 16 17 17 16 17]
 [17 17 17 17 17 17 16 16 17 17 16 16 17 16 17 16 17 17 16 16 17 17 16 16]
 [17 16 16 17 16 16 17 17 17 17 16 17 17 17 16 16 17 17 16 17 17 17 16 17]
 [17 17 17 17 17 17 17 17 17 17 17 17 17 17 16 17 17 16 17 16 16 17 17 16]
 [17 16 16 17 17 16 17 16 17 17 16 17 17 17 17 17 17 17 17 17 16 17 16 17]
 [17 17 17 17 16 16 16 16 16 17 17 17 16 17 16 17 17 17 16 17 17 17 16 17]
 [17 17 16 17 17 17 16 17 18 17 16 17 17 17 17 17 17 17 17 17 16 16 17 16]
 [17 17 17 16 17 17 17 17 17 17 16 17 17 17 17 17 17 17 17 17 17 17 17 16]
 [17 17 16 17 17 17 16 17 17 17 17 17 16 17 17 17 17 17 17 17 17 17 16 17]
 [17 17 16 17 17 16 17 17 17 17 16 17 17 17 17 16 17 16 17 17 17 17 17 17]
 [17 17 17 16 17 17 16 17 16 17 16 17 17 17 16 17 16 17 17 17 16 17 17 17]
 [16 17 16 17 17 17 17 17 17 17 17 17 16 17 17 17 18 16 16 17 17 17 17 16]
 [17 16 17 16 17 17 17 17 17 16 16 16 17 17 17 17 17 16 16 17 17 17 16 17]
 [17 17 17 17 17 16 16 16 17 17 16 17 17 17 17 17 17 17 17 17 17 17 16 17]
 [17 17 16 17 16 17 16 17 17 17 17 17 17 17 16 16 17 16 16 17 17 16 17 17]
 [17 17 17 17 17 17 17 17 16 17 17 17 17 17 16 16 16 17 17 17 17 17 17 17]
 [16 17 16 17 16 17 16 16 17 17 17 17 16 17 17 17 16 17 17 17 16 17 17 17]
 [16 17 17 16 17 16 17 17 17 17 17 17 17 17 16 16 17 16 17 16 17 17 17 17]
 [17 16 17 17 17 17 16 17 17 17 16 17 17 17 17 17 17 17 16 16 17 17 17 17]
 [17 17 16 17 16 17 17 17 17 17 17 17 17 17 17 17 16 16 17 16 17 17 17 17]
 [17 16 17 17 17 17 16 17 17 16 17 17 17 17 17 17 17 16 16 17 17 17 17 16]
 [18 18 16 16 17 17 16 17 16 17 17 17 16 17 16 16 17 17 17 17 16 17 17 17]
 [17 17 17 17 16 17 16 17 19 19 16 17 17 17 16 16 17 17 17 17 17 17 16 16]
 [17 17 17 16 17 17 17 17 17 16 16 16 17 17 17 16 19 20 17 17 17 17 17 16]
 [16 17 16 17 16 16 17 17 17 17 16 17 16 17 16 16 16 17 17 17 16 17 16 16]]