[[17 17 16 17 17 17 16 17 18 17 17 17 17 17 17 17 17 17 17 17 17 16 16 16]
 [17 17 17 16 17 17 17 16 19 17 17 17 17 17 17 17 17 17 17 18 17 17 17 17]
 [17 17 17 17 17 17 17 17 17 17 17 17 17 17 17 17 16 17 17 16 17 18 17 17]
 [17 17 17 17 17 17 17 17 17 17 17 16 17 17 17 16 17 17 17 17 17 17 17 17]
 [16 16 17 17 18 17 17 17 17 17 17 17 17 17 16 17 17 17 17 16 17 17 17 17]
 [17 17 17 17 17 17 17 17 17 17 18 17 17 17 16 17 17 17 17 17 17 17 17 17]
 [17 17 17 17 17 17 17 17 17 17 17 17 17 17 17 17 17 17 16 17 17 17 17 17]
 [17 17 17 17 17 17 17 17 17 17 16 17 17 17 17 17 17 17 17 17 17 17 17 17]
 [17 17 17 16 17 16 17 17 17 17 17 16 17 17 17 16 17 17 17 17 17 17 16 16]
 [17 17 17 16 17 17 17 17 18 17 17 17 17 17 17 17 17 17 17 17 17 17 17 17]
 [17 17 16 17 17 17 17 17 17 17 17 17 17 17 17 18 17 17 17 17 18 17 17 16]
 [17 17 17 17 17 17 17 17 16 17 17 17 17 17 17 17 17 17 17 17 17 17 17 17]
 [17 17 16 17 17 17 17 17 17 17 17 16 17 17 17 17 17 17 17 17 17 17 17 17]
 [17 17 17 17 17 17 16 17 17 17 17 17 17 17 16 17 17 17 17 16 17 17 17 17]
 [17 17 16 17 17 17 17 17 17 17 17 17 17 17 17 17 17 17 17 17 17 17 17 17]
 [17 17 17 17 17 17 17 17 17 17 17 17 17 17 17 17 16 17 17 16 17 17 17 17]
 [17 17 17 17 17 17 17 17 17 17 17 17 17 16 17 17 17 17 17 17 17 17 17 17]
 [17 17 17 16 17 17 17 17 17 17 16 17 17 17 17 17 17 17 17 17 17 17 16 17]
 [17 17 17 17 17 17 17 17 17 17 17 17 17 17 17 17 17 17 17 17 17 17 17 16]
 [17 17 17 17 17 17 17 17 17 17 17 17 17 17 17 17 17 17 17 17 17 17 17 16]
 [17 17 17 17 17 17 17 17 17 17 16 17 17 17 17 17 17 17 17 17 17 17 17 17]
 [17 17 17 17 17 17 17 18 17 17 17 17 17 17 17 17 17 17 17 17 17 17 17 17]
 [17 17 17 17 17 17 17 17 17 17 17 17 17 17 17 17 17 17 17 17 17 17 16 17]
 [17 17 17 17 17 17 17 17 17 17 17 17 17 17 17 17 17 17 17 17 17 17 16 17]
 [17 17 17 17 17 16 17 17 17 17 17 16 17 17 17 17 17 17 17 16 17 17 17 17]
 [17 17 17 17 18 17 17 17 17 17 16 17 17 17 17 17 17 16 17 17 17 17 17 16]
 [17 17 17 17 17 17 17 17 17 17 17 17 17 17 17 18 17 17 17 17 17 17 17 17]
 [17 17 17 17 17 17 17 17 17 17 17 17 17 18 17 17 17 17 17 16 17 17 17 17]
 [18 18 17 17 17 17 17 17 16 17 17 17 17 17 16 17 17 17 17 17 17 16 17 16]
 [17 17 16 17 17 17 16 18 19 19 17 16 17 17 17 16 17 17 17 17 17 16 17 17]
 [17 17 17 17 17 17 17 16 17 17 17 17 17 17 16 16 19 20 18 17 17 17 17 17]
 [16 17 16 17 17 17 17 17 17 17 16 17 17 17 16 17 17 17 16 17 17 17 16 16]]