[[18 18 18 17 18 18 18 17 18 17 18 17 18 17 17 17 18 17 17 17 18 18 17 17]
 [18 18 17 17 17 18 17 18 18 18 17 18 18 18 17 18 17 17 17 18 17 17 17 17]
 [17 17 17 17 17 18 17 17 18 17 17 17 18 18 18 18 18 17 18 18 18 18 18 17]
 [17 17 18 17 18 17 17 17 18 17 17 17 18 17 17 17 17 17 18 17 18 17 17 17]
 [17 17 17 18 18 17 17 17 17 18 17 17 17 17 17 17 17 17 17 17 17 17 17 17]
 [17 17 17 18 17 17 18 16 17 17 18 17 18 18 17 17 18 17 17 17 18 17 17 17]
 [18 17 17 17 17 17 17 17 18 17 17 17 18 17 18 17 17 18 17 18 17 18 17 18]
 [17 17 17 18 18 17 17 17 17 18 17 17 17 17 17 17 17 17 17 18 17 17 17 17]
 [18 17 18 18 18 17 18 17 18 17 17 17 18 18 17 17 18 17 17 17 17 17 18 17]
 [17 17 17 17 18 17 18 17 18 18 17 18 17 17 17 18 17 17 17 17 17 18 17 17]
 [17 17 17 17 17 18 17 17 17 18 17 17 18 18 17 18 18 17 18 17 18 18 17 17]
 [18 17 17 17 18 17 17 17 17 17 17 17 18 17 18 17 18 17 17 17 17 17 17 18]
 [17 17 18 17 18 17 17 17 17 17 17 17 17 17 17 17 17 17 17 17 17 17 17 17]
 [17 18 17 17 17 17 17 18 18 17 17 17 18 18 17 17 18 17 18 17 17 17 17 17]
 [17 17 17 17 17 17 17 17 17 17 17 17 17 17 17 17 18 18 17 17 18 18 17 17]
 [18 17 17 17 17 17 17 17 17 17 17 17 17 17 17 18 17 17 17 18 17 18 17 18]
 [18 17 18 18 18 17 18 17 17 17 17 17 17 17 17 17 17 17 17 17 17 17 17 17]
 [18 17 18 17 18 18 17 17 17 18 17 18 17 18 17 18 17 17 17 18 17 17 17 17]
 [17 17 17 17 17 17 17 17 17 17 18 17 17 17 17 17 18 17 17 17 18 17 17 17]
 [18 17 17 17 18 17 17 17 17 17 18 17 18 17 17 17 17 17 17 17 18 18 18 17]
 [17 18 18 18 17 18 17 17 17 17 17 17 17 17 17 17 17 17 17 17 17 17 17 17]
 [17 17 17 17 17 17 17 18 18 17 18 17 18 18 17 17 18 17 18 17 17 17 17 17]
 [17 17 17 17 17 17 18 17 18 17 17 17 18 17 17 17 17 18 17 18 18 18 17 18]
 [18 18 17 17 17 18 17 17 17 17 17 17 17 17 17 18 17 17 17 17 17 17 17 18]
 [18 17 17 18 18 17 18 17 18 17 17 17 17 17 17 17 17 17 17 17 17 17 17 17]
 [17 17 18 17 18 18 18 17 17 17 18 18 17 17 17 18 17 17 17 18 17 17 17 17]
 [17 17 17 17 18 17 17 17 17 17 17 18 17 17 17 18 18 17 17 18 18 18 18 17]
 [18 17 18 17 18 17 18 17 18 17 18 17 17 18 17 17 17 17 18 17 18 17 18 18]
 [18 18 17 18 17 17 17 18 18 18 17 17 17 18 17 17 17 17 17 17 17 18 17 17]
 [17 18 17 18 18 18 17 18 19 17 18 17 18 17 17 17 17 17 17 17 18 17 17 17]
 [18 17 17 17 18 18 18 17 18 17 17 18 19 18 18 17 19 19 17 18 17 18 17 18]
 [17 18 17 17 17 17 17 18 17 18 17 18 17 18 17 18 17 17 17 18 17 18 18 18]]