[[15 15 16 15 16 15 16 15 15 15 15 14 15 15 14 14 14 14 14 14 15 16 15 16]
 [16 16 16 16 17 17 16 16 15 16 15 15 15 15 15 14 14 14 14 14 14 13 13 13]
 [13 13 13 14 15 15 15 16 16 16 16 16 17 16 16 16 16 15 15 15 15 14 13 13]
 [13 12 12 13 13 14 13 13 14 14 14 14 15 14 15 15 16 16 16 16 16 16 16 16]
 [16 15 14 15 13 13 12 12 13 12 13 13 14 14 14 14 15 14 15 15 14 15 16 16]
 [15 16 16 16 16 16 16 17 15 15 14 14 13 13 13 13 14 14 14 15 14 15 14 14]
 [14 15 15 15 15 15 14 14 15 15 16 16 16 16 16 16 15 14 14 14 14 15 14 14]
 [15 14 14 14 14 14 14 15 15 14 14 14 15 15 15 15 14 15 15 16 16 16 16 16]
 [15 14 14 15 15 15 14 14 14 14 14 14 14 14 14 14 14 14 14 15 15 15 15 15]
 [15 15 14 15 16 16 16 16 14 14 14 15 14 14 14 14 14 13 14 14 14 14 14 14]
 [14 14 14 14 15 15 14 15 15 15 14 15 16 16 16 16 13 13 13 13 13 13 12 13]
 [13 13 13 14 14 14 14 14 14 14 14 14 15 14 14 15 15 15 15 15 14 14 15 15]
 [15 13 13 13 12 13 13 12 13 13 14 14 14 13 14 14 14 14 14 14 14 14 15 15]
 [15 15 15 15 14 14 15 15 13 14 13 13 13 12 13 12 13 14 13 13 13 13 14 14]
 [14 14 14 14 14 14 14 14 15 15 15 15 15 15 14 14 14 13 13 13 12 12 13 13]
 [13 13 13 13 13 13 13 14 14 14 14 14 14 14 15 15 14 15 15 15 15 15 15 15]
 [12 12 11 12 11 11 11 11 12 12 12 13 13 13 13 14 14 14 14 14 15 15 14 15]
 [14 15 15 14 15 15 15 15 12 12 11 11  9  9  9 10 11 11 12 12 13 13 13 13]
 [13 13 14 14 14 14 14 14 14 15 15 15 15 15 15 15 11 11  9  9  6  6  6  6]
 [ 8 10 10 11 12 12 12 13 13 14 14 14 14 15 14 15 15 15 15 15 15 15 15 14]
 [11 10  9  7  5  5  4  4  7  8 10 11 12 12 12 12 13 13 14 14 14 14 14 14]
 [15 15 15 15 15 15 15 16 10  8  6  5  3  3  3  3  4  4  8  9 11 12 12 12]
 [13 13 14 14 14 14 14 15 14 15 15 14 15 15 15 16 10  9  5  5  4  3  3  3]
 [ 3  4  6  7 11 11 12 12 13 13 14 14 14 14 14 15 15 15 15 15 15 15 15 15]
 [10  8  4  4  3  3  2  2  2  3  4  5  9 10 11 12 13 13 14 14 14 14 14 14]
 [15 15 15 15 15 15 15 15 10  8  5  3  3  3  2  2  3  3  4  4  8  9 11 12]
 [13 13 13 14 14 14 15 15 15 15 15 15 15 15 15 16 10  9  7  5  3  3  2  2]
 [ 2  2  3  4  6  8 11 12 13 13 13 13 14 14 15 14 15 15 15 15 15 14 15 16]
 [11 10  8  7  4  3  2  3  2  3  3  4  6  7 11 11 13 13 13 13 14 14 15 15]
 [15 14 15 15 15 15 15 17 11 11 10  9  6  5  4  4  4  5  4  6  8  8 11 12]
 [13 13 13 13 14 14 14 15 15 15 15 15 15 15 15 16 10 11 11 10  9  8  6  7]
 [ 7  7  7  7  9  9 11 12 13 13 13 13 14 14 14 14 15 15 15 15 15 16 16 16]]