[[16 16 17 16 17 17 17 17 17 17 17 17 17 17 17 16 17 17 17 17 17 17 17 17]
 [17 17 17 17 17 17 18 17 17 16 16 16 17 17 17 17 17 16 17 17 17 17 17 17]
 [17 17 17 17 17 17 17 17 17 17 17 17 17 17 17 17 17 14 16 17 17 17 17 17]
 [17 17 17 17 17 17 17 17 17 17 17 17 17 17 17 17 16 17 17 17 17 17 17 17]
 [16 16 17 17 16 17 17 17 17 17 17 17 17 17 17 17 17 17 17 17 17 17 17 17]
 [16 17 17 17 17 17 17 17 16 16 17 18 17 17 17 17 17 17 17 17 17 17 17 17]
 [16 17 17 17 17 17 17 17 17 17 17 17 17 17 17 17 17 17 17 17 17 17 17 17]
 [17 17 17 17 17 17 17 17 17 17 17 17 17 17 17 17 17 17 17 17 17 17 17 17]
 [17 17 17 17 17 17 16 17 17 17 17 17 17 17 17 17 17 17 17 17 17 17 16 17]
 [17 17 17 17 17 17 16 17 17 17 17 17 17 17 17 17 17 17 17 17 17 17 17 17]
 [17 17 17 17 17 17 17 17 17 17 17 17 17 17 16 17 17 17 17 16 17 17 17 17]
 [17 17 17 17 17 17 17 17 17 17 17 17 17 17 18 17 17 17 17 17 17 17 16 17]
 [17 16 17 17 17 17 17 17 16 17 17 17 17 17 17 17 17 17 17 17 17 17 17 17]
 [17 17 17 17 17 17 17 17 17 17 16 17 17 17 17 17 17 17 17 17 16 17 17 17]
 [17 17 17 17 17 17 17 17 17 17 17 17 17 17 17 17 17 17 17 17 17 17 17 17]
 [17 17 17 17 17 17 17 17 17 17 16 17 17 17 17 17 17 17 17 17 17 17 17 17]
 [17 16 17 17 17 17 17 17 17 17 17 17 17 17 17 17 17 17 17 17 17 17 17 17]
 [17 17 17 17 17 16 17 18 17 17 17 17 17 17 17 16 17 17 16 17 17 17 17 17]
 [17 17 17 17 17 17 17 17 16 17 17 17 16 17 17 17 17 17 17 17 17 17 17 17]
 [17 17 17 17 17 17 17 17 17 17 17 17 17 17 17 17 17 17 17 17 17 17 17 17]
 [17 17 17 17 17 18 17 17 17 17 17 17 17 17 17 17 17 17 17 17 17 17 17 17]
 [17 17 17 17 17 17 17 17 17 17 17 17 16 17 17 17 17 17 17 17 17 17 17 17]
 [17 17 17 17 17 17 17 17 17 17 17 17 17 17 16 17 18 17 17 17 17 17 17 17]
 [17 16 16 17 17 17 17 17 17 17 17 17 17 17 17 17 17 17 17 17 17 17 17 17]
 [16 16 17 17 17 16 17 17 17 17 17 17 17 17 17 17 17 17 17 17 17 17 17 17]
 [17 17 17 17 17 17 17 17 17 17 17 17 16 17 17 17 17 17 17 17 17 17 17 17]
 [17 17 17 17 17 17 17 17 17 17 17 17 16 17 17 17 17 17 17 17 17 17 17 18]
 [17 17 17 17 17 17 17 17 17 17 17 17 17 17 17 17 17 17 17 17 17 17 17 17]
 [17 17 17 17 17 17 17 17 17 17 17 17 17 17 17 17 17 17 17 17 17 17 17 17]
 [17 17 17 17 17 17 17 17 17 17 17 17 17 16 17 17 17 17 17 17 17 17 17 17]
 [17 17 17 17 17 17 17 16 17 17 17 17 17 17 17 16 17 17 17 17 17 17 17 17]
 [17 17 17 16 17 17 17 17 17 17 16 17 17 17 16 17 17 17 17 17 17 17 17 17]]