[[17 17 18 18 18 17 18 17 17 17 18 17 17 17 17 17 17 17 17 17 17 17 18 17]
 [17 17 18 17 17 17 17 17 18 17 17 18 17 18 17 17 17 17 17 18 17 17 17 17]
 [17 17 17 17 17 17 17 17 17 17 17 17 16 18 17 18 18 17 18 17 17 17 17 17]
 [17 17 17 17 17 17 17 17 17 17 17 17 17 16 17 17 18 17 17 17 17 17 18 17]
 [17 18 18 17 17 17 17 18 17 17 17 17 17 17 17 17 17 17 17 17 17 17 17 18]
 [17 18 17 17 17 17 17 17 17 17 17 17 17 17 17 17 18 17 17 17 17 17 17 17]
 [17 17 17 17 17 17 18 17 18 17 17 17 17 17 18 17 17 17 17 18 17 17 17 17]
 [17 17 17 17 17 17 17 17 17 17 17 18 17 17 17 18 17 17 17 17 17 17 17 18]
 [18 17 18 17 17 17 17 17 17 17 17 17 17 17 17 17 17 17 17 17 17 17 17 17]
 [17 17 18 17 17 17 17 17 17 17 17 17 17 17 17 17 17 17 17 17 17 17 17 17]
 [17 17 17 17 17 17 17 17 17 17 16 17 17 17 17 19 18 17 17 17 17 17 18 17]
 [17 17 17 17 17 17 17 17 17 17 17 17 17 17 17 17 17 17 17 17 17 17 17 17]
 [17 17 17 18 17 17 17 18 17 17 17 17 17 17 17 17 17 17 17 17 17 17 17 17]
 [17 17 17 17 17 17 17 17 18 17 18 17 17 17 17 17 17 17 17 17 17 17 17 17]
 [17 17 17 17 17 17 17 17 17 17 17 17 18 17 17 17 17 17 17 18 17 17 17 18]
 [17 17 17 18 17 17 17 17 17 17 17 17 17 17 17 17 17 17 17 18 17 17 17 18]
 [18 17 17 17 17 17 17 17 17 17 17 17 17 17 17 17 17 17 18 17 17 17 17 17]
 [17 17 17 17 18 17 18 17 17 17 17 17 17 17 17 17 17 17 17 17 17 17 17 17]
 [17 17 17 17 17 17 17 17 17 17 16 18 17 17 17 18 18 17 18 17 17 17 17 17]
 [17 17 17 17 17 17 17 17 17 17 17 17 17 17 17 17 17 17 17 17 17 17 17 17]
 [18 17 17 18 17 17 17 17 17 17 17 17 17 17 17 18 17 17 17 17 17 17 17 17]
 [17 17 17 17 17 17 17 18 18 17 17 17 17 17 18 17 17 17 17 16 17 17 17 17]
 [17 17 17 17 17 17 17 17 17 17 17 17 17 17 17 17 18 17 17 18 18 17 17 18]
 [17 17 17 17 17 17 17 17 17 17 17 17 17 17 17 18 17 18 17 17 17 17 17 18]
 [17 17 17 17 17 17 18 17 18 17 17 17 17 17 17 17 17 17 17 17 17 17 17 17]
 [18 17 17 17 17 17 18 17 18 17 17 18 17 17 17 17 17 17 17 17 17 17 17 18]
 [17 17 17 17 17 17 17 17 17 17 17 18 17 18 17 18 18 17 18 17 18 17 17 17]
 [18 18 17 17 17 17 17 18 18 17 18 17 18 17 17 17 17 17 18 17 18 17 18 17]
 [17 17 18 18 18 18 16 18 17 18 17 17 17 17 17 17 17 17 17 17 17 17 17 18]
 [17 17 17 18 18 17 17 18 18 18 19 18 17 17 17 17 18 17 18 17 17 17 18 17]
 [17 17 17 17 17 17 17 17 17 17 17 17 17 17 18 17 18 18 17 18 17 18 17 18]
 [17 17 17 17 17 17 17 18 17 17 17 18 17 17 17 17 17 17 17 17 17 17 17 17]]