[[16 16 17 17 17 16 17 17 17 17 16 17 17 16 16 17 16 16 16 16 16 17 16 16]
 [17 17 16 17 17 16 17 16 15 17 17 17 16 16 16 17 17 17 17 17 16 16 16 16]
 [16 16 16 16 16 16 16 16 16 16 16 16 16 16 16 17 16 16 17 16 17 16 17 16]
 [17 16 16 16 17 17 17 16 17 17 16 16 16 16 16 16 17 16 17 16 17 16 16 16]
 [16 16 17 17 16 17 16 17 17 16 16 16 17 16 17 16 16 16 16 16 16 16 16 16]
 [16 16 16 16 16 17 16 16 16 16 16 17 16 16 16 17 17 17 16 16 16 16 16 16]
 [16 16 16 15 15 15 15 15 15 15 15 15 16 16 16 16 16 17 16 16 16 17 16 16]
 [16 17 16 17 16 17 16 16 16 16 15 16 15 16 15 15 15 15 14 15 16 15 16 16]
 [17 16 16 16 16 16 16 16 16 16 16 17 16 16 16 16 16 15 15 16 16 16 16 15]
 [16 15 15 16 15 15 15 15 17 16 16 17 16 16 16 16 16 16 16 16 15 15 16 16]
 [16 15 15 16 15 15 15 15 15 16 15 15 15 15 15 16 17 16 16 16 16 16 16 16]
 [16 15 15 15 14 15 15 15 16 16 15 16 15 15 15 15 15 16 15 15 15 15 15 16]
 [16 16 16 17 16 16 16 16 15 15 15 15 15 15 15 15 15 15 15 15 15 15 15 15]
 [15 15 15 15 15 15 15 16 16 16 16 16 17 17 16 16 15 15 15 15 15 15 15 15]
 [15 15 15 15 15 15 15 15 15 15 15 15 15 15 15 14 16 16 16 16 16 17 15 16]
 [15 15 15 16 15 15 15 15 15 15 15 15 15 15 15 14 15 15 14 15 15 15 14 14]
 [16 16 16 16 16 16 16 16 16 15 15 15 15 15 15 15 15 15 15 15 15 15 15 15]
 [15 15 15 15 15 14 14 14 16 16 16 16 16 16 16 16 15 16 15 16 15 15 15 16]
 [15 16 15 15 15 15 15 15 15 15 15 15 14 14 14 14 16 15 17 16 16 16 16 16]
 [16 16 15 15 15 15 15 15 15 15 15 15 15 15 15 15 15 15 15 14 14 14 13 13]
 [15 15 16 16 16 16 16 16 16 15 15 15 15 15 15 15 15 15 15 15 15 15 15 15]
 [14 15 14 15 14 14 13 13 16 15 15 15 16 16 16 16 16 16 16 15 15 15 15 15]
 [15 15 15 15 15 15 15 15 15 14 15 14 13 13 11  9 16 15 15 15 15 16 16 16]
 [16 16 16 15 15 15 15 15 15 15 14 14 15 15 14 15 14 14 14 14 13 13  9  9]
 [16 15 16 15 15 15 15 15 15 15 15 15 15 15 15 15 15 15 15 14 15 14 14 14]
 [14 14 14 13 12 10  7  6 15 16 16 16 15 16 15 15 15 15 15 15 15 15 15 15]
 [15 15 14 15 14 14 14 14 14 14 14 14 11  8  6  6 16 15 16 16 16 15 15 15]
 [15 15 15 15 15 15 15 15 15 15 15 15 15 15 14 14 14 14 14 13 10  7  7  6]
 [16 17 16 16 16 15 15 15 15 15 15 15 15 15 15 15 15 15 14 15 14 14 14 14]
 [14 13 13 13  9  8  7  9 17 16 15 16 15 16 15 15 15 15 15 15 16 15 15 15]
 [15 15 15 14 15 14 15 14 14 14 13 13 12 10 11 12 15 17 17 16 16 16 15 15]
 [15 16 15 15 15 15 15 15 15 14 15 15 14 14 14 15 14 14 13 13 12 12 12 12]]