[[19 19 18 18 17 17 17 18 17 17 17 18 17 17 17 18 17 17 17 17 17 17 16 18]
 [17 18 16 17 17 17 17 18 18 18 18 17 17 18 17 17 17 17 17 17 17 17 18 17]
 [17 17 17 17 17 17 18 17 17 17 18 17 17 17 18 17 18 17 17 18 17 18 17 18]
 [17 17 16 17 17 18 17 18 18 17 17 17 17 18 16 17 17 17 17 17 18 17 17 18]
 [17 17 17 18 17 17 17 17 17 17 17 17 17 17 17 17 17 17 17 17 17 17 17 17]
 [17 17 17 17 17 18 17 17 17 17 17 18 17 17 17 17 17 18 17 17 17 17 17 17]
 [17 17 17 17 17 17 17 17 17 17 17 17 17 17 17 17 17 17 18 17 17 17 17 17]
 [17 17 17 17 17 17 17 17 17 18 17 17 17 17 17 17 17 17 17 17 17 17 17 17]
 [18 17 17 18 17 17 17 17 17 17 17 17 17 17 17 17 17 17 17 17 17 17 17 17]
 [18 17 17 17 17 18 17 18 18 17 18 18 18 17 18 17 17 17 17 17 17 17 17 17]
 [17 17 17 17 17 17 17 17 17 17 18 17 18 17 17 17 18 17 18 18 18 17 17 17]
 [17 18 17 17 17 17 17 17 17 17 17 17 17 17 17 17 17 18 17 17 17 17 16 18]
 [18 17 17 17 17 17 17 17 17 17 17 17 17 17 17 17 17 17 17 17 17 17 17 17]
 [17 17 17 17 17 17 17 17 18 18 17 18 18 17 17 17 17 17 17 17 17 17 17 17]
 [17 17 17 17 17 17 17 17 17 17 17 17 17 17 17 17 18 18 17 17 17 17 18 17]
 [17 17 17 17 17 17 17 17 17 17 17 17 17 17 17 17 17 17 18 17 17 17 17 17]
 [18 17 17 17 17 17 17 18 17 17 17 17 17 17 17 17 17 17 17 17 17 17 17 17]
 [17 17 17 17 17 17 17 17 17 18 17 17 18 17 17 17 17 17 17 17 17 17 17 17]
 [17 17 17 17 17 17 17 17 17 17 17 17 17 17 18 17 17 17 17 17 17 17 17 17]
 [17 17 17 17 17 17 17 17 17 17 17 17 17 17 17 17 17 17 17 18 17 17 17 17]
 [17 17 17 18 17 17 17 17 17 17 17 17 17 17 17 17 17 17 17 17 17 17 17 17]
 [17 17 18 17 17 17 18 17 17 17 17 18 17 17 16 18 17 17 17 17 17 17 17 17]
 [17 17 17 17 17 17 17 17 17 17 17 17 17 17 16 18 17 17 18 17 17 17 17 17]
 [17 17 17 17 17 17 17 17 17 17 17 17 17 17 17 17 17 17 17 18 17 17 17 17]
 [17 17 17 17 17 17 17 17 17 17 17 17 17 17 17 17 17 17 17 17 17 17 17 17]
 [17 17 17 17 17 17 17 17 17 17 17 17 17 17 17 17 17 17 17 17 17 17 17 17]
 [17 17 17 17 17 17 17 17 17 17 17 17 18 17 18 17 18 17 17 17 18 17 17 17]
 [17 17 16 17 17 17 17 17 17 17 16 17 17 17 17 17 17 17 17 17 17 17 18 17]
 [20 19 18 17 17 17 17 17 18 17 17 17 17 17 17 17 17 17 17 17 17 17 17 17]
 [17 17 17 17 17 17 17 17 18 20 18 17 17 17 17 17 17 17 17 18 17 17 17 17]
 [17 17 17 18 17 17 17 17 17 17 17 18 18 17 17 17 19 17 17 17 17 17 17 17]
 [17 18 17 17 17 17 17 16 17 17 17 17 17 17 17 17 17 17 17 17 17 17 17 17]]