[[18 18 17 17 17 17 16 17 16 17 16 17 17 17 16 17 17 17 16 17 17 17 16 17]
 [16 17 16 17 17 17 17 18 17 17 17 17 17 17 17 17 17 17 17 17 17 16 16 17]
 [17 17 17 17 17 17 16 17 17 17 17 16 17 17 16 18 16 16 16 17 17 17 17 17]
 [16 17 17 17 17 17 17 17 17 17 17 17 17 17 16 17 17 17 17 17 16 17 16 17]
 [16 16 17 16 17 16 17 16 17 17 17 17 17 17 17 17 17 17 17 16 17 17 16 17]
 [17 17 16 17 17 17 17 17 16 17 17 18 16 17 17 17 17 17 16 17 17 17 17 16]
 [17 17 16 17 16 17 17 17 17 17 17 17 17 17 17 17 16 17 17 16 17 17 17 16]
 [17 17 16 17 17 17 17 17 17 17 16 17 17 17 17 17 17 17 17 16 17 17 17 17]
 [17 17 17 17 17 17 17 16 17 17 17 17 17 17 17 17 17 17 17 17 16 17 17 17]
 [16 16 17 17 17 17 17 17 17 17 17 17 17 17 17 17 17 17 17 17 17 17 17 17]
 [17 17 17 17 17 16 17 17 17 17 17 17 17 17 17 17 17 17 17 17 17 17 16 17]
 [17 17 17 17 17 17 17 17 16 16 16 17 17 17 17 16 17 17 16 17 17 17 17 16]
 [17 17 18 17 17 17 17 16 17 17 17 17 16 17 17 17 17 17 16 17 17 17 17 17]
 [17 16 17 17 17 17 16 17 17 17 17 17 17 17 17 17 17 17 17 17 16 17 17 17]
 [17 17 16 17 16 17 17 17 17 17 16 17 17 17 17 17 17 17 16 17 17 17 17 17]
 [17 17 17 17 17 17 17 16 17 17 17 17 17 17 16 17 17 17 17 17 17 17 17 17]
 [17 17 17 17 17 17 17 17 17 17 17 17 17 17 17 17 17 17 16 17 16 17 17 17]
 [17 17 17 17 16 17 16 17 17 17 17 17 17 16 17 17 17 17 17 17 17 17 17 17]
 [17 17 16 17 17 17 16 16 17 17 17 17 16 17 17 16 17 17 17 17 16 17 17 17]
 [17 17 17 17 17 17 17 17 17 17 17 17 17 17 17 17 17 17 16 17 16 17 17 16]
 [17 17 17 17 17 17 17 17 17 17 16 17 17 17 17 17 17 17 17 17 17 16 17 17]
 [17 17 16 17 17 17 17 17 17 17 16 17 17 17 16 17 16 17 16 17 17 17 17 17]
 [17 17 17 17 16 17 16 17 17 17 17 17 16 17 16 17 17 17 17 17 17 16 17 17]
 [17 17 17 17 17 17 17 17 17 16 16 17 17 17 17 17 17 17 17 17 17 16 16 17]
 [19 19 17 17 17 17 17 16 17 17 17 17 17 17 17 17 17 17 17 17 17 17 17 17]
 [17 17 17 17 17 16 17 17 20 18 17 17 17 17 17 17 17 17 17 16 17 17 17 17]
 [17 17 17 17 17 16 17 17 17 16 17 16 17 17 17 18 20 20 17 17 17 17 17 16]
 [17 17 17 17 17 17 17 17 17 17 16 17 17 17 17 17 16 16 17 17 17 17 17 17]
 [22 19 17 17 17 16 17 17 17 17 17 17 17 17 17 17 17 17 17 17 17 17 16 17]
 [17 17 16 17 17 17 16 17 20 21 18 17 17 17 17 17 17 17 17 17 17 16 17 17]
 [17 17 17 17 16 17 17 17 16 17 17 17 16 17 16 16 19 20 18 16 17 17 17 17]
 [16 17 17 16 17 17 16 17 17 17 16 17 17 16 16 17 17 17 16 17 17 16 16 16]]