[[ 10  10  12  12  11  10  10   9   9  11  14  15  15  15  15  15  16  15   16  17  16  17  16  17]
 [ 16  17  16  17  17  17  16  17  11  11  11  11  10  10   7   7   6  10   13  13  14  14  16  16]
 [ 16  16  16  16  17  17  17  17  16  17  17  16  17  16  16  16  11  11   10   9   7   4  -2 -10]
 [ -4   0  11  12  14  15  16  16  16  16  16  17  16  16  17  17  17  17   17  16  16  16  16  17]
 [ 11  11  10   8   4   2 -13 -17 -11   0  10  12  14  15  15  15  16  15   16  16  16  16  16  16]
 [ 17  17  17  17  17  16  17  17  12  10   9   6   1  -5 -18 -16  -7   2   11  13  14  15  15  15]
 [ 16  16  16  16  16  16  16  16  16  17  17  17  17  17  17  17  11  11    8   6   0   0 -12 -11]
 [  1   4  12  13  14  14  15  15  16  16  16  16  16  16  16  17  16  17   17  17  17  16  17  17]
 [ 12  10   9   6   4   1  -2   0   7  10  12  14  14  15  15  16  16  16   16  16  16  16  16  16]
 [ 17  16  16  17  17  17  17  17  12  12   8   7   4   3   1   3   9  10   13  14  14  15  15  15]
 [ 15  16  16  16  16  16  16  16  16  17  16  16  17  16  17  17  12  12   11   9   6   6   7   8]
 [ 11  12  13  14  15  15  15  15  15  16  16  16  16  16  16  17  16  16   16  16  16  16  16  17]
 [ 13  12  11  10   7   7   9  10  12  12  14  14  14  15  15  15  15  16   16  16  16  16  16  16]
 [ 16  16  17  16  16  16  16  16  14  12  12  11  11  10  11  12  13  13   14  14  15  15  15  16]
 [ 16  16  16  16  16  16  16  16  16  16  16  17  17  16  17  16  13  12   12  12  11  12  12  13]
 [ 13  13  14  14  14  15  15  16  16  16  16  16  16  16  16  16  16  17   17  17  17  16  16  17]
 [ 13  12  12  13  13  12  13  13  13  13  14  14  15  15  15  16  16  16   16  16  16  16  16  17]
 [ 16  17  16  16  17  16  16  17  13  13  12  13  13  13  13  13  13  14   15  15  15  15  15  16]
 [ 15  16  16  16  16  16  16  16  17  16  17  16  16  16  17  17  15  14   13  13  13  13  13  14]
 [ 14  14  14  15  15  15  16  15  16  15  16  16  16  16  16  17  16  16   16  17  16  17  17  16]
 [ 14  14  14  13  12  13  14  14  13  14  14  15  15  15  16  16  16  16   16  16  16  16  16  16]
 [ 17  16  17  17  16  17  17  17  14  14  14  14  13  13  13  14  14  14   14  15  15  15  15  16]
 [ 16  16  16  16  16  16  17  16  16  16  16  17  17  16  17  17  14  14   14  14  14  13  14  14]
 [ 14  14  14  15  15  15  16  15  16  16  16  16  16  16  16  16  16  16   16  17  16  16  17  17]
 [ 14  14  14  15  15  14  14  14  14  14  15  15  16  15  16  15  16  16   16  16  16  16  16  16]
 [ 16  16  16  16  16  16  17  17  15  14  15  15  15  15  15  14  15  15   15  15  15  15  16  16]
 [ 16  16  16  16  16  16  16  16  16  16  16  17  16  16  17  17  18  16   15  15  15  14  15  14]
 [ 14  14  15  15  15  15  16  15  16  16  16  16  16  16  16  17  16  17   16  16  17  16  16  17]
 [ 20  18  16  15  15  15  15  15  14  15  15  15  15  15  16  15  15  16   17  16  16  16  16  16]
 [ 16  16  16  17  16  16  16  17  16  17  15  15  15  15  15  15  15  15   15  15  15  15  15  16]
 [ 16  16  15  16  16  16  16  16  16  16  17  16  16  16  16  17  16  14  16  16  15  15  15  15]
 [ 15  16  16  15  15  15  15  15  16  15  16  15  16  15  16  16  17  16   16  17  16  16  17  17]]