[[18 18 18 17 17 17 18 17 17 17 17 17 17 17 16 17 17 16 17 17 17 17 17 16]
 [16 17 17 17 16 17 17 16 17 17 17 18 17 17 17 17 17 17 17 17 17 17 17 17]
 [17 17 17 17 16 17 16 16 16 17 16 17 16 16 16 17 17 17 17 17 16 17 17 17]
 [17 16 16 17 17 16 17 16 17 17 16 16 16 17 17 16 16 16 17 17 17 16 17 16]
 [16 16 17 17 17 17 17 17 17 17 17 17 17 17 17 16 16 16 16 16 17 17 16 17]
 [16 16 17 16 16 17 16 16 16 17 17 17 16 17 17 17 16 17 17 17 17 16 16 16]
 [16 16 16 16 16 16 16 16 17 16 16 16 16 16 17 16 16 17 16 17 17 17 17 17]
 [17 17 16 17 17 16 16 16 16 16 16 16 16 16 16 16 16 16 16 16 15 16 15 16]
 [17 17 17 17 17 17 17 17 16 16 16 16 17 16 16 16 16 16 16 16 16 15 15 16]
 [15 15 15 15 15 15 15 15 16 17 16 17 17 16 17 17 17 17 16 16 17 17 16 17]
 [16 17 16 16 15 15 15 15 15 16 16 16 16 16 15 15 17 17 16 16 16 17 17 17]
 [17 17 16 16 16 16 16 16 16 15 15 14 15 15 15 15 16 16 15 15 15 15 16 15]
 [17 17 16 17 17 17 17 16 17 16 16 17 16 16 16 16 15 15 15 15 15 15 15 15]
 [16 16 15 15 15 16 15 16 17 16 16 16 16 16 16 16 16 16 17 17 16 16 16 15]
 [16 15 15 15 15 16 15 15 16 16 16 15 15 15 15 15 17 16 17 16 16 17 16 17]
 [17 17 16 17 16 16 16 16 15 15 15 15 15 15 15 15 16 16 15 15 15 15 15 15]
 [16 16 16 16 17 17 17 17 17 17 17 17 17 16 16 16 16 15 15 16 15 15 16 15]
 [15 16 15 15 15 15 15 15 16 16 16 17 17 17 17 17 16 17 17 17 17 16 16 16]
 [15 16 15 15 15 15 15 15 15 15 15 15 15 15 15 15 17 16 16 16 16 16 16 17]
 [16 16 16 17 17 17 16 16 16 16 16 15 16 15 15 16 15 15 15 15 15 15 16 15]
 [17 17 17 17 16 16 16 16 16 16 17 17 17 16 16 16 16 16 15 16 16 15 15 15]
 [16 16 15 15 15 15 14 15 17 17 17 16 15 15 16 15 15 16 16 17 16 16 17 16]
 [17 16 16 16 15 15 15 15 15 15 15 15 15 14 15 13 17 16 16 17 16 16 15 15]
 [15 15 16 17 17 17 16 16 16 16 15 16 15 15 15 15 15 15 14 15 14 14 14 13]
 [16 17 16 16 17 15 16 15 15 15 16 16 16 16 15 15 15 15 16 15 16 15 15 15]
 [15 15 15 14 14 15 13 11 17 16 17 17 16 16 15 16 16 16 15 16 16 16 14 15]
 [15 15 15 15 16 16 15 15 15 15 14 15 14 15 13 12 17 17 17 16 17 16 16 16]
 [16 15 16 15 15 15 15 15 15 15 15 15 15 16 15 15 15 15 15 14 15 14 14 11]
 [17 17 16 17 16 17 16 16 16 16 16 16 15 15 15 15 15 15 15 15 15 15 15 15]
 [15 15 14 15 15 14 13 13 16 17 17 16 17 16 16 16 16 16 16 15 15 15 15 15]
 [15 15 15 15 15 16 15 15 15 15 15 15 15 15 15 14 17 17 17 16 17 16 16 17]
 [16 16 15 15 15 15 15 15 16 15 15 15 15 15 15 15 15 15 14 15 15 15 15 15]]