[[15 15 16 15 15 16 16 16 16 16 16 15 16 15 15 16 16 17 17 17 16 16 17 16]
 [17 17 17 17 16 17 17 16 17 16 16 16 16 16 15 16 16 16 15 16 15 15 15 15]
 [17 16 16 17 16 17 16 16 17 17 17 17 17 17 16 16 15 16 15 15 15 15 15 15]
 [16 15 16 16 16 16 16 16 16 16 16 16 16 17 16 17 17 17 17 16 16 17 17 16]
 [16 16 15 16 15 15 15 16 16 16 16 16 16 15 16 16 16 16 16 17 17 17 16 17]
 [17 16 16 16 16 16 16 16 15 16 16 15 15 16 16 16 16 16 15 16 16 16 15 16]
 [16 17 17 16 16 17 16 17 16 18 17 16 17 17 16 16 15 16 15 16 16 16 15 16]
 [16 16 16 16 16 16 16 16 17 16 16 17 16 17 16 17 17 17 17 17 17 17 16 17]
 [16 16 16 16 16 15 16 15 16 16 16 15 15 15 16 16 16 17 17 16 16 17 16 17]
 [17 17 17 16 16 17 17 16 15 15 16 16 16 15 16 16 15 16 16 16 16 16 16 16]
 [16 16 16 17 17 16 16 17 16 17 16 17 17 16 17 17 15 16 16 15 15 16 16 16]
 [15 15 16 16 16 16 16 16 16 17 17 17 16 16 17 16 17 16 17 17 16 17 17 17]
 [16 15 15 16 16 16 15 16 16 16 16 16 16 15 16 16 16 16 16 17 17 16 16 17]
 [17 17 16 17 17 17 16 17 16 15 15 15 16 16 15 15 15 16 16 16 16 16 16 16]
 [16 17 16 16 16 17 17 17 16 17 17 17 17 17 17 16 15 16 15 16 15 15 15 16]
 [16 16 15 16 16 16 16 16 17 16 16 17 16 17 17 17 17 17 17 17 17 17 17 18]
 [16 16 16 15 16 15 16 15 15 16 15 16 16 16 16 17 16 17 17 16 17 17 17 16]
 [17 17 16 16 17 17 17 16 16 15 15 16 16 16 15 16 16 16 16 16 16 16 16 16]
 [17 16 17 17 17 17 17 17 17 17 17 17 17 17 16 17 15 15 16 16 16 16 15 15]
 [15 16 15 15 15 16 16 16 16 16 17 17 17 17 17 16 16 17 16 17 16 17 17 17]
 [16 16 16 16 15 15 16 16 16 16 16 16 16 16 16 16 16 17 16 17 17 16 16 17]
 [17 17 16 17 17 17 16 17 15 16 15 15 16 15 15 15 16 16 15 16 16 16 16 16]
 [16 17 16 17 16 16 16 17 16 17 17 16 17 17 17 17 15 16 16 15 16 15 15 15]
 [16 15 15 15 16 16 16 16 16 16 17 17 17 17 16 17 17 16 16 17 17 16 16 17]
 [16 17 16 16 16 16 16 15 16 16 16 16 16 16 16 16 16 17 16 17 17 17 17 17]
 [16 16 17 17 17 17 18 17 17 16 15 15 16 16 16 15 16 15 16 16 16 16 16 16]
 [17 17 16 17 17 17 17 17 16 16 17 17 16 17 16 17 19 16 16 15 16 16 16 16]
 [16 16 16 16 16 17 17 16 17 17 17 16 16 17 17 17 16 17 16 16 17 17 17 16]
 [18 18 15 16 16 16 15 16 16 15 16 17 17 16 17 17 17 16 16 17 17 17 17 17]
 [17 16 17 17 16 17 16 17 20 17 15 16 15 16 16 16 16 16 16 16 16 16 16 16]
 [16 16 17 16 17 17 16 16 16 17 16 17 17 17 16 16 16 20 16 16 16 16 16 16]
 [16 16 15 16 16 17 16 16 17 17 16 17 16 17 16 17 17 17 16 17 16 17 17 17]]