[[18 18 17 17 17 17 17 17 17 17 17 17 17 17 17 16 17 17 16 16 17 16 16 16]
 [16 16 17 17 16 16 16 16 18 17 17 17 17 17 18 17 17 16 17 17 16 17 16 16]
 [17 17 17 17 17 17 16 17 16 17 17 16 17 16 15 17 17 16 17 17 17 16 17 17]
 [17 16 17 17 17 16 17 16 16 16 16 16 17 17 16 16 16 17 17 16 17 16 17 16]
 [16 17 16 18 17 17 16 17 17 17 17 17 17 17 16 17 16 16 16 16 16 17 16 16]
 [16 16 16 16 16 17 16 18 17 17 17 17 17 16 17 16 17 16 16 16 16 16 16 16]
 [17 17 16 16 17 16 16 15 16 16 16 16 16 15 16 15 16 17 17 17 16 17 17 17]
 [16 17 16 16 16 17 16 17 16 17 16 16 16 16 15 16 15 15 15 16 15 15 15 16]
 [17 16 17 17 18 17 17 16 16 16 16 16 16 16 16 16 16 16 16 15 16 16 16 16]
 [16 16 15 15 15 15 15 16 17 17 16 17 17 17 17 17 16 16 16 16 16 16 16 16]
 [15 16 14 15 15 15 16 16 16 16 15 15 15 16 16 16 17 17 17 17 17 16 16 16]
 [17 16 16 17 17 16 16 15 15 15 15 15 15 15 16 15 16 15 15 15 16 16 15 15]
 [17 17 16 17 16 17 17 16 16 17 16 16 16 16 15 15 15 15 15 15 15 15 15 16]
 [16 16 15 16 15 16 16 16 17 16 16 17 17 16 16 16 17 16 17 16 16 15 15 15]
 [15 15 15 15 16 15 15 15 15 15 15 15 15 15 15 15 16 17 16 16 16 16 16 17]
 [16 16 16 16 15 16 15 15 15 15 15 16 15 15 15 15 15 15 15 15 15 15 14 15]
 [16 16 17 17 17 16 16 17 17 16 16 16 16 16 16 15 16 16 15 15 15 15 15 15]
 [15 15 15 15 15 15 15 15 15 16 17 17 17 17 17 17 17 17 16 16 16 16 15 16]
 [15 15 15 15 15 15 16 16 15 15 15 15 15 15 15 15 17 16 17 16 16 16 17 16]
 [17 16 16 16 16 16 15 15 15 15 15 15 16 15 15 15 15 15 15 15 15 15 15 14]
 [17 17 17 16 16 16 16 17 17 16 16 16 16 16 16 16 15 15 15 16 15 15 15 15]
 [15 15 15 15 14 15 14 15 17 16 16 15 16 16 15 16 16 16 16 16 16 16 16 15]
 [15 15 15 16 16 15 15 15 15 15 15 15 15 14 14 13 16 17 16 16 16 16 16 16]
 [16 16 16 16 16 17 16 16 15 15 15 15 15 16 15 15 15 15 14 15 14 15 13 12]
 [17 16 17 16 16 15 16 16 16 16 16 16 15 15 15 15 15 15 16 15 15 15 15 15]
 [14 14 15 14 14 14 12  9 16 17 16 17 16 15 16 16 16 16 15 15 15 15 15 15]
 [15 15 15 15 15 15 15 15 14 15 14 14 14 15 11 10 18 16 17 17 17 16 16 16]
 [16 15 15 15 15 15 15 14 15 15 15 16 15 15 15 15 14 14 15 14 14 13 11  9]
 [17 18 16 17 16 16 16 16 15 16 15 15 15 15 15 15 15 15 15 15 15 15 15 15]
 [14 15 14 15 13 14 12 11 18 18 17 17 17 17 16 16 16 15 15 15 15 15 15 15]
 [16 15 15 15 15 15 15 14 15 14 14 15 14 13 13 13 17 17 17 17 16 16 16 17]
 [15 16 15 15 15 15 15 16 15 16 15 15 15 15 15 15 14 15 14 15 14 14 14 14]]