[[17 17 18 17 17 17 17 17 16 16 17 18 17 17 17 17 17 17 17 17 17 17 17 17]
 [17 17 17 17 17 17 18 17 18 17 17 18 17 17 17 17 17 17 17 17 17 17 17 17]
 [17 17 17 18 17 17 17 17 17 17 17 17 18 17 16 17 15 17 17 17 17 17 17 17]
 [16 17 17 17 17 17 17 17 17 17 17 17 17 17 17 17 17 17 17 17 17 17 17 17]
 [17 15 18 18 18 17 17 17 17 17 17 17 17 17 17 17 17 17 17 17 17 17 16 17]
 [17 17 17 17 17 17 17 17 16 17 17 17 17 18 17 17 17 17 17 17 17 17 17 16]
 [17 17 17 17 17 17 17 17 17 17 17 17 17 17 17 17 16 17 17 17 17 17 17 18]
 [17 17 17 17 16 16 17 17 17 17 17 17 17 17 17 17 17 17 17 17 17 17 17 18]
 [17 17 17 18 17 17 17 17 17 17 17 17 17 17 17 17 16 17 17 17 17 17 17 17]
 [17 17 17 17 17 17 17 18 18 17 17 18 17 17 17 17 17 18 17 17 17 17 16 17]
 [17 17 17 17 17 17 17 17 17 17 17 17 17 17 17 17 17 17 17 17 17 17 17 17]
 [17 17 17 17 17 17 17 17 17 17 17 17 17 17 17 17 17 17 17 17 17 17 17 17]
 [17 17 17 17 17 17 17 18 17 17 17 17 17 17 17 17 17 17 16 17 17 17 17 18]
 [17 17 17 17 17 17 16 17 17 17 17 16 17 17 17 17 17 17 17 17 17 17 17 17]
 [17 17 17 17 17 16 17 17 17 17 17 17 17 17 17 17 17 17 16 17 17 17 17 17]
 [17 17 17 17 17 17 17 17 17 17 16 17 17 16 17 17 17 17 17 17 17 17 17 17]
 [16 17 17 17 17 17 17 17 17 17 17 17 17 17 17 17 17 17 17 17 17 17 17 17]
 [17 17 17 17 17 17 17 17 17 17 17 17 17 16 17 17 17 17 17 17 17 17 17 17]
 [17 17 17 17 16 17 17 17 17 17 17 17 17 16 17 17 17 18 17 17 17 17 17 17]
 [17 17 17 17 17 17 17 17 17 17 17 16 17 17 17 17 16 17 17 17 17 17 17 17]
 [17 17 17 17 17 17 17 17 17 17 17 17 17 17 17 17 17 17 17 17 17 17 17 17]
 [17 17 17 17 17 17 17 17 16 17 17 17 17 17 18 17 17 17 17 17 17 17 17 17]
 [17 17 17 17 17 17 17 17 17 17 17 17 16 16 17 17 17 18 17 17 17 17 17 17]
 [17 17 17 17 17 17 17 17 17 17 17 17 17 17 16 17 17 17 16 17 17 17 17 18]
 [18 17 17 17 17 16 17 17 17 17 17 17 17 17 17 17 17 17 17 16 17 17 17 17]
 [16 17 17 17 17 17 17 17 16 16 17 17 17 17 17 17 17 17 17 17 17 17 17 18]
 [17 17 17 17 17 17 17 17 17 17 17 17 17 17 17 18 17 17 18 17 17 17 17 17]
 [17 16 17 17 17 17 17 17 17 17 17 17 17 17 17 17 17 17 17 16 17 17 17 17]
 [18 17 17 17 17 17 17 17 17 17 17 17 17 17 17 17 17 17 17 17 17 17 17 17]
 [17 17 17 17 17 17 16 17 17 17 17 17 17 17 17 16 17 17 17 17 17 17 17 17]
 [17 17 17 17 17 17 17 18 17 17 17 17 17 17 17 16 17 18 17 18 17 16 17 18]
 [17 17 17 17 17 17 17 17 17 17 17 17 17 17 17 17 17 17 17 17 17 17 17 17]]