[[16 16 16 16 16 15 16 16 16 16 16 16 16 17 16 17 17 16 16 17 16 17 16 17]
 [17 17 16 17 17 17 16 18 17 16 16 16 16 16 16 16 16 16 16 16 16 16 17 17]
 [17 17 17 17 17 16 16 17 17 17 17 16 17 17 17 17 16 16 16 16 16 16 15 16]
 [16 16 16 16 16 16 16 17 17 16 16 17 17 17 16 17 17 17 16 17 16 16 17 17]
 [17 16 16 16 15 16 16 16 16 16 16 16 16 16 17 17 16 17 17 16 17 17 17 17]
 [17 17 16 17 17 17 16 17 15 15 15 16 15 15 16 16 16 16 15 16 16 16 17 17]
 [17 17 16 17 17 17 16 17 17 17 17 17 17 16 17 17 17 17 15 16 16 16 16 16]
 [16 16 16 16 16 16 17 16 17 17 17 17 17 17 17 17 17 17 17 17 17 17 17 17]
 [15 16 15 16 16 16 16 16 16 16 15 16 16 16 16 17 16 17 17 17 16 17 16 17]
 [17 17 16 17 17 17 16 17 16 16 16 16 16 15 16 15 16 16 16 16 16 16 17 17]
 [16 17 17 17 17 17 17 17 17 17 17 17 17 17 17 17 16 16 16 16 16 16 15 16]
 [16 16 16 16 16 16 16 17 17 16 16 17 17 17 16 17 17 17 16 17 17 17 17 17]
 [15 16 16 16 16 16 16 16 16 16 16 16 16 16 17 16 17 17 17 16 17 17 17 17]
 [17 17 17 17 17 17 17 17 16 15 15 16 16 16 15 16 15 16 16 16 16 16 17 17]
 [16 17 17 17 16 17 17 17 17 17 17 17 17 17 16 17 15 16 16 16 16 15 16 16]
 [16 16 16 16 16 16 17 17 17 17 17 17 17 17 17 17 17 17 17 17 17 17 17 16]
 [16 15 16 16 15 16 16 16 16 16 16 16 16 16 16 17 17 17 16 17 17 17 16 17]
 [17 17 16 17 17 16 16 17 15 16 16 16 15 16 16 16 16 16 16 16 16 17 17 17]
 [17 17 17 17 17 17 17 17 17 17 17 17 17 17 17 17 16 16 16 16 15 16 16 16]
 [16 16 15 16 16 16 16 17 16 17 17 17 17 17 17 17 16 17 16 17 17 17 17 17]
 [16 15 15 16 16 15 16 16 15 16 16 16 16 16 17 17 17 17 16 17 17 17 17 17]
 [17 17 17 17 17 17 17 17 16 16 16 16 16 15 16 16 16 16 16 16 16 16 16 17]
 [17 17 17 17 17 17 17 17 17 17 17 17 16 17 17 17 16 15 16 16 16 16 16 16]
 [16 16 16 16 16 16 17 16 16 17 17 17 17 17 17 16 16 17 16 17 17 17 17 18]
 [16 16 16 15 16 16 15 17 16 16 16 17 17 17 17 17 17 17 17 17 17 16 16 16]
 [16 17 17 17 17 17 17 17 17 17 16 16 16 16 16 16 17 16 16 16 17 17 17 17]
 [17 17 17 17 17 17 16 17 17 17 17 16 17 17 16 16 21 19 16 17 16 16 16 16]
 [16 16 16 17 17 16 17 17 17 17 17 17 17 17 16 17 17 17 16 17 17 16 17 17]
 [21 17 16 16 16 16 16 16 17 17 17 17 16 17 17 16 17 17 17 17 17 17 17 17]
 [17 17 17 16 17 17 16 17 18 18 16 16 16 15 15 16 16 16 16 16 17 17 17 17]
 [17 17 16 17 16 16 16 17 17 17 16 17 17 17 16 18 17 18 17 16 16 16 16 16]
 [16 16 17 16 16 17 17 17 17 17 17 17 17 17 17 17 17 17 17 17 16 17 17 17]]