[[17 17 17 17 17 17 17 18 18 17 17 17 17 16 17 17 17 17 17 17 17 17 17 17]
 [17 17 17 17 17 16 17 18 16 17 17 18 17 17 17 17 17 17 17 17 17 17 17 17]
 [17 17 17 17 17 17 17 17 17 17 17 18 18 17 17 18 18 16 17 17 17 17 17 17]
 [17 17 17 17 17 17 17 16 17 17 17 17 17 17 17 17 17 17 17 17 17 17 18 17]
 [17 17 17 17 17 17 17 18 17 17 17 17 17 17 17 17 16 17 17 17 17 17 17 17]
 [17 17 17 17 17 17 17 18 17 16 18 17 17 17 17 17 17 16 17 16 17 17 17 17]
 [17 17 17 17 17 17 17 17 17 17 18 17 17 16 17 16 17 17 17 17 17 17 16 17]
 [17 17 17 17 17 17 17 17 17 17 17 17 17 17 17 17 17 17 17 17 17 17 17 17]
 [17 17 18 17 17 17 18 17 17 17 18 17 17 17 17 17 17 17 17 17 17 17 17 17]
 [17 16 17 17 17 17 17 17 17 17 17 17 17 17 17 17 17 17 17 17 17 17 17 17]
 [17 17 17 17 17 17 16 17 17 17 17 17 17 17 17 18 17 16 18 18 17 17 17 17]
 [17 17 18 17 17 17 17 17 17 17 17 17 17 17 17 17 17 17 18 17 17 17 17 17]
 [17 17 17 17 16 17 17 17 17 17 17 17 17 17 17 17 17 17 17 17 17 17 17 17]
 [17 17 17 17 17 18 17 17 17 16 17 17 17 17 17 17 17 17 18 17 17 17 17 17]
 [17 17 17 16 17 17 17 17 17 17 17 17 17 16 17 17 17 17 16 17 17 17 17 17]
 [17 17 17 17 16 17 17 17 17 17 16 17 17 17 17 17 17 17 17 17 17 17 17 17]
 [17 17 17 17 17 17 17 17 17 17 17 17 17 17 17 17 17 17 17 17 17 17 17 17]
 [17 17 17 16 17 16 17 17 16 17 17 18 17 17 17 17 17 17 17 17 17 17 17 17]
 [17 17 17 17 17 17 17 17 17 17 17 17 17 17 16 17 17 16 17 17 17 16 17 17]
 [17 17 17 17 17 17 17 17 17 17 17 17 17 17 17 17 17 17 17 17 17 16 17 17]
 [17 18 17 17 16 17 17 17 16 17 17 17 17 17 17 17 17 17 17 17 17 17 17 17]
 [17 17 17 17 17 17 17 17 17 17 18 17 17 17 17 17 17 17 17 17 17 17 17 17]
 [17 17 17 17 17 17 17 17 17 16 17 17 17 17 18 17 17 17 17 17 17 17 17 17]
 [17 17 17 17 16 17 17 17 17 17 17 17 17 17 17 17 16 17 16 17 16 17 17 17]
 [17 16 17 17 17 16 17 17 17 17 17 17 17 17 17 17 17 17 17 17 17 17 17 17]
 [17 17 17 17 17 17 17 17 19 17 17 18 17 17 17 17 17 17 17 17 17 17 17 17]
 [17 17 17 17 17 17 17 17 17 17 17 17 17 17 17 18 21 19 17 17 17 17 18 17]
 [17 17 17 17 17 17 17 17 17 17 17 17 17 17 17 17 17 17 17 17 17 16 18 17]
 [22 21 17 17 17 17 17 17 17 17 17 17 17 17 17 17 17 17 17 18 17 17 17 17]
 [17 17 17 18 18 17 17 18 20 20 18 17 17 17 17 17 17 17 17 17 17 17 17 17]
 [17 16 17 17 17 17 17 17 17 17 17 17 16 17 17 17 19 20 17 18 17 17 17 17]
 [17 17 17 17 17 17 17 17 16 17 17 17 17 17 17 17 16 17 17 17 17 17 17 17]]