[[13 13 14 15 13 14 14 13 14 14 14 14 13 13 14 14 13 13 13 13 13 13 13 14]
 [13 13 12 13 14 14 13 15 14 14 15 13 14 14 13 14 14 14 13 14 13 13 13 13]
 [13 13 13 14 13 14 13 13 13 13 12 12 14 13 14 14 14 14 14 14 14 14 14 14]
 [13 13 13 13 13 13 13 12 13 12 12 13 12 13 13 13 14 13 12 12 13 13 14 14]
 [14 15 15 14 14 14 14 13 14 13 12 12 13 13 13 13 12 12 12 11 13 13 14 13]
 [13 13 13 12 13 13 13 13 15 14 14 14 14 14 13 14 13 13 13 13 13 12 12 11]
 [11 10 10 11 12 13 13 13 13 13 13 13 13 13 13 13 15 14 14 14 14 14 14 13]
 [13 14 13 13 13 13 12 12 10 10 10 10 12 12 13 13 13 13 13 13 13 13 13 13]
 [14 14 14 14 13 14 14 14 14 14 13 13 13 12 12 10 10  9 10 10 11 12 12 13]
 [13 13 13 13 13 13 13 13 14 14 14 15 14 14 14 13 13 14 13 13 13 13 12 11]
 [10 10 10 10 11 11 13 13 13 13 13 12 13 13 13 13 14 14 15 14 14 14 14 14]
 [13 13 13 13 13 12 12 10 10  9  9  9 10 11 12 12 12 13 13 12 13 12 12 13]
 [14 14 14 14 13 14 14 13 13 14 13 13 13 13 12 12 10  9  9  9 10 10 13 12]
 [13 13 12 13 13 12 13 12 14 13 14 14 14 13 13 14 14 13 12 12 13 12 13 11]
 [10 10  9  9 10 11 11 12 12 12 12 13 12 12 13 12 14 14 14 14 14 13 13 14]
 [13 13 12 12 13 12 12 12 10 10  9  9 10 10 12 12 12 12 12 12 13 12 13 12]
 [14 14 14 14 14 13 13 14 13 13 13 12 12 13 13 11 10  9 10 10 10 11 12 12]
 [12 12 12 12 12 12 12 12 14 14 14 14 14 13 14 14 13 13 12 11 13 13 12 12]
 [10 10 10  9 11 11 12 11 12 12 12 12 12 12 12 12 14 14 14 14 14 14 13 14]
 [13 13 12 12 12 13 12 12 10 10  9 11 11 12 11 12 11 11 11 11 12 11 11 11]
 [14 14 14 14 14 14 14 13 13 13 13 13 13 13 12 13 10 10 10 10 12 12 12 11]
 [11 11 11 11 11 10 11 11 14 14 14 14 14 13 14 14 13 13 13 13 13 13 13 12]
 [11 10 10 12 12 12 12 11 11 10  9 10  9 10 10 10 14 14 14 14 14 14 14 14]
 [13 13 13 13 13 13 13 12 11 11 11 11 12 12 11 11 11 10  8  8  8  8  9 10]
 [15 14 14 14 14 14 14 14 14 13 13 13 13 13 12 12 12 12 12 12 12 11 11 11]
 [10  9  7  6  6  6  7  8 15 15 15 14 14 14 14 13 13 13 14 13 13 12 12 13]
 [12 12 12 12 12 11 11 11  9  8  6  5  5  4  7  8 15 14 14 15 14 13 14 13]
 [13 13 13 13 13 13 13 13 12 12 12 12 11 11 10  9  9  7  3  4  3  2  6  8]
 [15 14 13 14 14 13 14 14 13 14 14 13 13 12 13 12 12 12 12 11 11 11  9  8]
 [ 8  6  4  4  3  3  7  9 14 15 14 14 14 13 14 14 13 13 13 13 13 13 12 13]
 [12 12 12 11 10  9  8  8  6  5  3  4  4  5  9  9 15 13 14 14 14 13 14 13]
 [13 13 13 13 13 13 12 13 12 12 11 11 10 10  9  8  6  5  4  4  5  6  9  9]]