[[16 16 16 16 17 17 16 16 16 16 16 16 16 16 16 16 16 16 16 16 16 16 16 16]
 [16 16 16 17 16 16 16 16 17 17 16 16 16 16 16 16 16 16 16 16 16 16 16 15]
 [16 16 16 16 16 16 16 16 16 16 16 16 16 16 16 16 16 16 16 16 16 17 16 16]
 [16 15 16 16 15 15 15 14 15 15 15 15 15 16 15 15 15 16 16 16 16 16 16 16]
 [16 16 17 17 16 16 16 16 15 16 15 15 15 14 15 14 15 15 14 15 15 15 15 15]
 [15 15 15 15 16 16 15 16 16 16 16 16 16 16 15 15 15 15 15 15 15 15 15 15]
 [15 15 15 16 16 15 15 14 15 15 14 14 14 14 15 15 16 16 16 17 16 16 15 15]
 [15 15 15 16 15 15 15 15 15 15 15 15 15 15 15 16 15 15 14 15 14 14 14 15]
 [16 16 16 16 16 16 15 15 15 15 15 15 15 15 15 15 15 15 15 15 15 15 15 16]
 [16 16 15 15 15 15 14 15 16 16 16 16 16 15 15 15 15 15 15 15 15 15 15 15]
 [15 15 15 15 15 15 15 15 15 16 15 15 15 15 15 15 16 16 15 14 15 15 15 15]
 [15 15 15 15 15 15 15 15 15 15 14 15 14 14 14 14 14 15 14 14 14 14 14 15]
 [16 15 15 16 15 15 15 15 15 16 15 15 15 15 15 15 15 15 14 14 14 14 15 14]
 [14 14 13 14 14 14 14 15 15 15 15 15 15 15 15 14 15 15 15 14 14 15 15 15]
 [14 15 14 14 14 14 14 14 14 14 14 14 14 14 14 14 15 15 15 15 15 15 15 15]
 [15 15 15 14 15 15 15 15 14 14 14 14 14 14 14 14 14 14 14 13 14 14 14 14]
 [15 15 15 15 15 15 15 15 15 15 15 15 14 14 14 14 14 14 14 14 14 14 13 14]
 [13 13 12 12 13 13 13 13 15 15 14 15 15 15 15 15 15 15 15 15 15 14 14 14]
 [14 14 14 14 14 14 13 13 12 12 11 11 12 12 13 13 16 15 15 15 15 15 15 15]
 [15 15 15 14 14 14 14 14 14 14 14 13 13 13 13 12 11 11  9  8  8  9 11 12]
 [16 15 15 16 15 15 15 15 15 14 15 14 15 14 14 14 14 14 13 13 13 13 12 12]
 [10  9  6  6  6  8 10 12 15 15 15 15 15 15 14 14 14 14 14 14 14 14 14 14]
 [14 14 13 13 12 12 11 10  7  6  4  3  3  3  9 10 14 15 15 15 15 14 15 14]
 [14 14 14 14 14 14 14 13 13 13 12 12 12 11 10  9  6  4  3  3  3  3  7 10]
 [16 15 15 15 15 14 14 14 14 14 14 14 14 14 14 14 13 13 12 11 10  8  7  6]
 [ 3  3  2  2  2  2  7  9 15 15 15 15 15 15 14 14 14 14 14 14 14 14 14 14]
 [13 13 12 10  8  7  6  5  4  3  2  2  2  3  7 10 15 15 15 14 15 15 14 14]
 [14 14 14 14 14 14 13 13 13 12 10  9  5  5  4  4  3  3  2  2  3  5  9 10]
 [15 15 15 15 16 15 15 14 14 15 14 14 14 13 13 13 13 12 10  9  4  4  3  3]
 [ 3  2  2  2  5  5 10 11 15 15 15 15 15 15 15 14 14 15 14 14 14 14 13 13]
 [12 12 10  8  5  4  3  3  3  4  5  6  9 10 12 11 17 16 15 15 15 15 15 15]
 [15 14 14 14 14 14 13 13 12 12 10 10  7  5  3  4  4  5  7  8 11 10 11 11]]