[[13 13 13 13 13 13 13 13 12 11 13 13 13 13 13 13 13 14 13 13 13 13 13 13]
 [13 14 13 13 14 14 14 14 13 14 13 13 12 14 12 13 11 11 13 13 13 13 13 13]
 [13 13 14 14 13 14 13 13 13 14 14 13 14 14 15 14 13 13 13 13 12 12 12 12]
 [12 11 11 12 13 13 13 14 14 13 13 13 14 13 13 14 14 14 14 13 13 14 14 14]
 [13 13 13 13 12 12 12 12 12 12 11 11 13 13 13 13 13 13 13 13 14 14 13 14]
 [14 14 14 14 13 13 14 14 12 11 11 12 11 11 11 12 11 11 10 12 13 13 13 13]
 [13 13 13 13 14 13 14 14 14 13 13 14 14 13 14 14 12 12 11 12 10 11 11 11]
 [11 12 11 11 12 13 13 13 13 13 13 13 13 13 13 13 13 15 14 14 14 13 14 15]
 [11 10 10 10 10  9  7 10 11 11 11 11 12 13 13 12 13 13 13 13 13 13 14 13]
 [13 14 14 14 14 14 13 14 11 10  8  8  9  8  7  7 10 10 11 11 12 12 13 13]
 [13 13 13 13 13 14 14 13 14 14 13 14 13 14 14 14 10  8  7  5  7  6  5  7]
 [ 9 10 11 12 12 12 12 13 13 13 13 13 12 13 13 13 14 14 13 14 14 14 13 14]
 [ 9  9  6  6  5  6  4  4  9  9 11 11 12 12 12 13 13 13 13 13 12 13 13 13]
 [13 13 14 14 14 14 14 14  9  9  5  5  4  4  3  5  7  8  9 10 11 11 11 12]
 [13 13 13 13 13 13 13 13 13 13 13 14 14 14 14 15  9  9  6  6  4  4  4  3]
 [ 8  7 10 10 11 11 12 12 13 13 13 13 14 13 13 13 14 14 14 13 14 14 14 15]
 [ 8  9  7  6  4  5  4  5  6  8  9  9 10 11 12 13 12 13 13 13 13 13 13 14]
 [13 14 14 14 14 14 14 14  9  9  7  7  6  5  6  5  7  6  9  9 10 10 12 11]
 [13 13 13 13 13 13 14 14 13 14 14 14 14 14 13 14 10 10  9  9  8  7  6  8]
 [ 8  8  8  9  9 10 11 12 12 13 13 13 13 13 13 14 14 14 13 14 13 14 13 14]
 [11 11 10  9  8  8  9  8  9  8 10  9 10  9 12 12 13 13 13 13 13 13 14 14]
 [14 14 14 14 14 14 14 15 11 11  9  9  8  9  9 10  9  9  9  8  9 11 11 12]
 [12 13 13 13 14 14 13 14 14 14 14 14 14 14 13 15 11 11 10  9  9  9 10 10]
 [10 10  9  9  9  9 12 11 13 13 13 13 13 14 13 13 13 14 14 14 14 14 14 14]
 [12 11  9  8  9 10 10 10 10 10 10  9  9 11 11 12 13 13 13 13 13 14 14 14]
 [14 14 14 14 14 14 15 14 13 11 10 10  9 10 11 10 10 10 10 10 11 10 12 12]
 [13 13 13 13 14 13 14 14 14 14 14 14 14 14 14 15 14 12 12 11 10 10 10 11]
 [11 11 11 11 11 12 12 13 13 13 13 14 13 14 14 14 14 14 14 14 14 14 15 14]
 [16 13 11 12 11 10 11 11 11 11 11 11 12 11 13 12 13 13 14 13 13 14 14 14]
 [14 14 14 14 14 14 14 15 13 14 13 12 11 11 10 10 11 11 11 12 12 13 12 13]
 [13 13 13 13 13 14 14 14 14 14 14 14 14 14 15 15 13 13 13 12 12 12 10 11]
 [11 11 11 11 12 12 13 13 13 13 13 13 13 14 14 14 14 14 14 15 14 15 15 15]]