[[16 16 17 17 16 17 17 17 17 17 17 17 17 17 17 17 17 17 17 17 17 17 16 17]
 [17 17 17 17 16 17 17 18 18 17 17 16 18 17 18 18 17 17 17 17 17 17 17 17]
 [17 17 17 17 17 17 17 17 17 17 17 17 17 17 17 17 16 16 17 17 17 17 17 17]
 [17 17 17 17 17 17 17 17 17 17 17 17 17 17 17 17 18 17 17 18 17 17 16 17]
 [17 16 17 17 17 17 17 17 17 17 17 17 17 17 17 17 17 17 17 17 17 17 17 17]
 [18 17 17 17 17 16 16 17 16 16 17 18 17 17 16 17 17 17 17 17 17 17 17 17]
 [17 17 17 17 17 17 16 17 17 17 17 17 17 16 17 17 17 17 17 18 17 17 17 17]
 [18 17 17 16 17 17 17 17 17 17 17 17 17 17 17 17 17 17 17 17 17 17 17 16]
 [17 17 17 17 17 17 17 17 17 17 17 17 17 17 17 17 17 17 17 17 17 17 17 17]
 [17 17 16 17 17 17 16 18 17 17 17 18 17 17 17 17 17 17 17 17 17 17 18 17]
 [17 17 17 17 17 17 17 17 17 17 17 17 17 17 17 17 17 17 17 17 17 17 16 17]
 [17 17 16 17 17 17 17 17 17 17 16 17 17 17 17 17 17 17 16 17 17 17 17 18]
 [17 17 17 17 17 17 17 17 17 17 17 17 17 17 17 17 17 17 16 17 17 17 17 17]
 [17 17 17 17 17 17 17 17 17 17 17 17 17 17 16 17 17 17 17 17 17 17 17 17]
 [17 17 17 17 17 17 17 16 17 17 17 17 17 17 17 18 17 17 17 17 17 16 17 17]
 [17 17 17 17 17 17 17 17 17 17 17 17 17 17 17 17 17 16 17 17 17 17 17 17]
 [17 17 17 17 17 17 17 17 17 17 17 17 17 17 17 17 17 17 17 17 17 17 16 17]
 [17 17 17 17 17 17 17 17 17 17 17 17 17 17 17 17 17 17 17 17 17 16 17 17]
 [17 17 17 17 17 17 17 17 17 17 17 17 17 17 17 16 18 17 17 17 17 17 17 17]
 [17 17 17 17 17 17 17 17 17 17 17 17 17 16 17 17 17 17 17 17 17 17 17 17]
 [18 17 18 17 17 17 17 17 17 17 17 17 17 17 17 17 17 17 17 17 17 16 17 16]
 [17 17 17 17 17 17 17 17 17 17 17 17 17 16 17 17 17 17 17 17 17 17 17 17]
 [17 17 16 17 16 17 17 17 17 17 17 17 17 17 17 17 17 17 17 17 17 17 17 17]
 [17 17 17 17 17 17 17 17 17 17 17 16 17 17 17 17 17 17 17 17 17 17 17 17]
 [17 17 17 17 17 17 17 17 17 17 17 17 17 17 16 17 17 17 16 17 17 17 17 17]
 [17 17 17 17 16 17 17 17 17 16 17 17 17 17 17 17 17 17 17 17 17 16 17 17]
 [17 17 16 17 17 17 17 16 17 17 17 16 17 17 17 17 17 17 16 17 17 17 16 16]
 [17 17 17 17 17 17 17 17 16 17 17 17 17 17 17 16 17 17 17 17 17 17 16 17]
 [17 18 18 17 17 17 17 17 17 17 17 17 17 17 17 17 17 17 17 17 16 17 16 17]
 [17 17 17 17 16 17 17 17 21 22 17 18 17 17 17 17 17 17 16 17 17 17 16 17]
 [16 17 17 17 17 17 16 17 16 17 17 16 17 17 16 18 20 20 19 17 17 16 17 16]
 [16 17 17 16 17 17 17 17 17 17 17 17 16 16 17 17 17 17 17 17 17 16 16 16]]