[[15 15 15 15 15 15 15 15 15 15 14 15 14 14 14 14 13 14 14 14 14 14 15 15]
 [15 16 16 16 16 15 14 16 15 14 15 15 15 15 15 15 15 14 13 13 13 13 13 13]
 [12 13 13 13 13 13 14 14 16 16 15 16 16 16 17 16 15 15 14 15 15 14 14 13]
 [11 12 12 12 12 13 13 13 14 14 14 14 14 14 13 15 15 16 15 15 16 16 16 16]
 [14 15 14 14 14 13 12 12 12 12 12 13 14 14 14 14 14 14 14 14 14 14 14 15]
 [15 15 16 15 16 16 16 15 14 14 14 14 13 13 13 14 13 14 14 14 15 14 14 14]
 [14 14 14 14 14 14 14 15 15 14 14 16 16 16 16 16 14 13 14 14 14 15 15 15]
 [14 14 14 15 14 14 14 14 15 14 14 14 14 14 14 14 14 15 14 15 16 16 16 16]
 [15 14 14 14 15 14 14 14 14 14 13 14 14 14 14 14 14 14 14 14 14 14 14 14]
 [15 15 14 14 15 15 16 16 14 15 14 14 14 13 13 13 13 13 13 13 13 13 14 13]
 [14 14 14 14 14 14 14 14 15 14 14 14 14 15 15 16 14 13 13 12 12 12 11 12]
 [12 12 12 12 13 13 13 14 13 14 13 14 14 14 14 14 14 15 14 15 14 15 14 15]
 [14 14 13 12 12 12 12 12 12 12 13 13 13 13 13 13 13 13 14 14 14 14 14 14]
 [15 14 14 15 14 14 14 14 13 13 13 12 13 12 12 12 12 13 12 13 13 13 13 13]
 [12 13 13 14 14 14 14 14 15 15 15 15 15 15 14 14 14 14 12 12 12 13 12 12]
 [12 12 12 12 13 13 13 13 12 13 13 14 14 14 14 14 14 14 15 15 15 15 14 15]
 [12 13 12 12 11 10 10 10 10 10 11 11 12 12 12 12 12 13 13 13 14 14 14 14]
 [14 14 14 14 15 14 15 15 12 12 12 12 10 10  9  8  9  9 10 10 11 11 12 12]
 [12 12 13 13 13 13 14 14 15 14 14 15 15 15 15 15 12 11 11 10  9  7  5  6]
 [ 6  5  6  9 10 11 11 11 12 12 12 13 13 14 14 14 15 14 14 15 15 15 14 15]
 [12 12 10 10  8  7  4  4  4  4  5  5  9  9 11 11 11 12 12 13 13 13 14 14]
 [14 14 15 15 15 15 15 15 12 11  9  8  5  4  3  3  3  2  3  3  5  7  9 10]
 [11 12 12 13 13 14 14 14 14 15 14 15 15 14 15 15 11 11  8  7  4  4  2  2]
 [ 2  2  2  2  4  5  9  9 11 11 12 12 13 13 14 14 14 14 15 15 14 15 15 15]
 [12 10  8  5  4  4  2  2  2  2  2  2  3  3  6  8 10 11 12 13 13 13 14 14]
 [14 14 14 14 15 15 15 15 12 11  7  6  4  4  2  2  2  2  2  2  3  3  6  6]
 [11 10 12 12 14 13 13 14 14 14 15 15 14 15 15 15 12 11  9  7  5  3  2  2]
 [ 2  1  2  2  2  3  3  6  8 10 12 13 13 13 13 14 14 14 15 15 14 14 15 15]
 [11 11  9  9  5  5  3  3  2  2  2  2  2  2  5  5  9  9 12 12 12 12 13 13]
 [14 14 15 14 15 15 15 15 12 11 11  9  9  7  4  3  3  4  4  3  4  4  5  6]
 [ 8 11 12 13 13 12 13 14 14 14 15 14 15 15 16 16 11 12 10 10  9  8  6  6]
 [ 5  4  5  5  6  5  7  7 10 10 12 12 12 13 14 14 14 14 14 15 15 15 16 16]]