[[ 17  17  17  17  16  16  17  16  16  17  16  16  16  15  15  15  15  14
   14  14  14  14  14  14]
 [ 14  14  15  14  15  15  16  16  16  16  16  16  16  16  16  16  16  15
   16  16  15  16  15  14]
 [ 15  14  13  14  13  13  14  13  14  14  15  15  15  15  16  15  16  15
   16  16  16  16  17  17]
 [ 16  16  16  16  15  14  14  14  14  14  13  11  10   9  11  13  13  14
   14  14  15  15  15  15]
 [ 16  15  16  16  16  16  16  16  15  16  16  15  14  15  14  14  14  14
   11  11   4   7  10  11]
 [ 13  13  14  14  15  15  15  15  16  16  16  16  15  16  16  16  15  15
   16  15  15  14  13  13]
 [ 13  12  10   0  -5  -4   4   8  10  12  13  14  15  15  15  16  15  16
   16  16  16  16  16  16]
 [ 16  16  16  16  14  14  13  13  12  12   4   5 -16 -13   2   3  10  10
   14  14  15  15  15  16]
 [ 16  17  17  16  16  16  15  16  15  15  16  15  15  14  13  12  12  12
    9   1 -10 -11  -9   3]
 [  9  13  14  15  15  16  16  17  16  17  16  16  15  16  15  15  15  15
   16  16  14  14  13  12]
 [ 13  13   7   7  -3  -5   1   0  12  12  15  14  15  15  16  16  16  16
   16  16  16  16  15  15]
 [ 15  15  15  16  15  14  13  13  13  13  11   6   4   4   4  11  12  15
   15  16  16  16  16  16]
 [ 16  16  17  16  16  16  15  15  15  15  15  15  14  15  13  13  13  13
    9   9   7   5  11  10]
 [ 14  14  15  15  16  16  16  16  16  16  16  16  16  16  16  16  15  15
   15  15  15  15  14  14]
 [ 13  12  10  10   9  11  12  14  14  15  15  16  15  16  16  16  16  16
   16  16  16  16  16  16]
 [ 15  15  15  15  15  15  15  15  12  12  11  10  12  12  14  14  15  15
   16  16  16  16  16  16]
 [ 16  16  16  17  16  15  16  15  16  15  15  15  15  15  15  15  14  13
   12  14  13  14  14  15]
 [ 15  16  16  16  16  16  17  17  16  16  16  16  16  16  16  16  15  16
   15  15  15  15  15  16]
 [ 14  14  14  14  15  14  16  15  15  16  16  16  16  16  16  16  16  16
   17  17  16  16  16  16]
 [ 15  15  15  15  15  15  15  15  15  15  15  15  15  15  15  16  16  16
   16  16  16  16  16  17]
 [ 16  16  17  16  16  16  15  16  15  15  15  15  14  15  15  15  15  15
   15  15  15  15  16  16]
 [ 16  15  16  17  16  17  16  17  17  16  17  16  16  16  16  16  15  15
   15  15  15  14  14  14]
 [ 15  15  16  16  15  15  15  15  16  16  16  16  16  16  17  17  16  16
   16  16  16  16  16  16]
 [ 16  15  16  16  15  15  14  14  15  15  16  16  16  16  15  15  16  16
   16  16  16  16  17  17]
 [ 16  16  16  17  16  16  16  16  15  15  15  16  15  15  15  14  14  14
   15  15  16  16  16  15]
 [ 15  16  16  16  16  16  17  17  15  16  16  16  16  16  16  16  16  16
   16  16  15  15  15  15]
 [ 15  15  15  15  16  16  16  16  16  16  16  16  16  16  16  16  16  16
   17  16  16  16  16  15]
 [ 15  15  16  16  16  16  16  16  15  15  15  15  15  15  15  16  16  15
   16  16  16  16  17  17]
 [ 17  16  16  16  15  16  16  16  16  16  16  16  15  16  16  15  15  15
   15  15  15  15  16  16]
 [ 16  15  16  16  16  16  16  17  16  16  16  16  15  16  15  16  16  16
   16  16  16  16  16  16]
 [ 16  16  16  16  15  15  16  16  16  15  16  16  16  16  17  17  14  16
   17  16  15  16  16  16]
 [ 16  16  16  16  16  16  16  16  15  16  16  16  16  16  16  16  15  16
   16  16  16  15  17  17]]