[[16 16 17 17 17 16 17 16 17 16 16 16 17 16 16 16 17 16 16 16 17 16 17 16]
 [17 17 17 16 17 16 17 16 17 17 16 16 17 17 17 17 16 17 17 17 17 17 16 16]
 [17 17 16 16 17 17 17 17 17 17 17 16 17 17 17 17 17 15 17 16 17 17 17 17]
 [17 16 17 16 17 17 16 16 17 16 16 16 16 16 16 16 17 16 16 16 17 16 16 16]
 [17 16 17 17 17 17 16 17 17 17 17 17 17 17 17 17 16 16 16 16 16 17 16 17]
 [17 17 17 17 16 16 16 17 16 17 16 16 17 17 16 17 17 16 17 16 16 16 16 16]
 [16 15 16 16 16 16 16 17 17 17 17 17 17 16 17 17 16 17 16 17 16 17 16 16]
 [16 17 16 17 16 17 16 16 16 16 16 16 16 17 16 17 17 17 17 17 17 17 16 16]
 [17 17 17 17 17 16 17 16 17 17 16 16 17 16 16 16 16 15 15 16 16 17 17 17]
 [17 16 16 16 16 16 16 16 17 17 16 17 16 17 16 16 16 17 16 16 16 17 16 16]
 [16 16 15 16 16 17 16 17 17 17 17 16 17 17 16 16 17 17 17 16 17 17 16 17]
 [17 17 16 17 17 16 16 15 16 15 15 16 16 17 16 17 17 17 17 17 17 16 16 16]
 [17 16 16 17 17 16 16 17 17 17 17 17 16 16 16 16 15 15 15 15 16 16 17 17]
 [17 17 17 17 17 17 16 17 17 16 16 16 17 16 17 16 17 16 17 16 17 16 16 15]
 [15 15 15 16 16 16 16 16 17 16 16 16 17 17 16 16 16 17 16 16 16 17 16 16]
 [16 17 16 17 16 17 15 16 14 15 15 15 16 16 16 17 17 17 16 17 16 17 15 16]
 [16 16 16 16 16 15 16 16 17 16 16 16 16 16 16 14 14 14 14 15 16 16 16 17]
 [17 16 16 16 17 16 16 17 16 17 16 16 15 15 16 16 16 16 15 16 16 16 14 15]
 [14 14 15 15 16 16 17 17 17 17 17 16 16 17 16 17 16 15 16 15 16 15 15 16]
 [17 16 16 16 16 15 15 13 13 14 14 16 16 16 17 16 17 16 17 17 17 16 16 17]
 [16 16 16 15 16 15 16 16 16 16 16 16 16 16 13 15 14 14 15 15 16 16 17 17]
 [17 17 17 17 16 17 16 16 15 14 15 14 15 15 15 16 16 15 16 15 16 15 15 12]
 [12 14 14 16 16 16 16 16 16 16 17 17 17 16 16 17 14 15 11 13 14 15 16 15]
 [16 16 15 16 16 16 13 13 13 13 15 15 16 16 17 17 17 16 17 17 17 16 17 16]
 [14  9  4 -4  3  9 15 15 16 14 15 15 16 15 15 12 12 14 14 16 16 16 17 17]
 [17 16 17 16 17 16 16 16 11 11 -2 -3  0  0 15 15 15 15 15 15 15 16 12 13]
 [13 13 15 15 17 16 16 17 16 17 16 17 16 17 16 16 12 10  3 -2 -7 -1  8 15]
 [16 14 14 15 16 14 14 12 13 14 14 15 17 16 17 16 17 16 16 16 17 16 17 16]
 [13 12  5  2 -1 -5 13 12 15 15 15 14 15 16 12 13 14 14 16 16 16 17 16 17]
 [16 16 17 16 17 17 16 16 13 12 11 10  7  9  9 14 15 15 14 15 15 14 13 13]
 [14 15 15 16 17 16 16 17 17 16 16 17 17 16 16 16 12 13 13 12 11  9 14 13]
 [15 15 14 15 15 15 13 14 14 14 16 16 15 16 16 17 16 17 16 17 16 16 16 16]]