[[12 12 13 13 13 14 13 12 13 13 12 12 14 13 14 13 13 14 14 14 12 12 13 14]
 [14 14 14 15 14 15 15 15 13 13 13 12 12 13 13 13 14 13 12 13 13 14 14 14]
 [13 14 14 14 13 12 13 13 14 14 14 15 14 15 15 15 13 12 11 11 12 12 13 12]
 [13 13 14 13 13 13 13 13 13 13 14 14 13 12 12 13 14 14 14 14 15 14 15 14]
 [13 13 10 11 12 12 12 13 12 13 13 13 13 13 13 13 13 13 14 14 14 14 11 12]
 [14 14 14 14 16 14 15 15 12 11 10 11 12 12 12 12 13 12 12 12 12 13 13 13]
 [13 13 14 13 14 13 12 11 13 15 14 14 15 15 15 15 12 11  9 10 11 12 11 12]
 [12 13 13 13 13 13 13 13 13 13 13 14 14 14 12 12 13 13 14 14 14 14 15 15]
 [ 9  9  8 10 11 12 11 11 10 11 12 13 13 13 13 13 13 13 13 13 14 14 13 12]
 [13 14 14 14 14 15 15 15  8  9  9  9 11 11 12 11 11 11 12 12 13 13 13 13]
 [13 13 14 14 14 14 13 13 14 14 14 14 15 15 15 15  5  5  6  7  8 11 11 12]
 [12 12 13 13 12 13 13 13 13 13 13 13 14 13 14 13 14 14 14 13 14 15 15 15]
 [ 5  3  5  5  9  9 12 12 13 12 12 12 12 12 13 13 13 13 13 13 13 13 13 13]
 [14 14 14 14 14 14 15 15  4  3  4  5  7 10 12 12 13 12 13 13 13 13 13 13]
 [13 13 13 14 13 14 14 13 13 13 14 14 14 14 15 15  5  5  5  6  9  9 11 12]
 [12 12 13 13 13 13 13 13 13 13 13 14 13 14 13 14 13 13 14 14 14 14 15 16]
 [ 7  7  8  8 10 11 11 12 12 12 12 13 13 13 13 13 13 13 13 13 13 14 13 13]
 [12 13 14 14 13 14 15 15  8  8  8  9 11 11 12 12 12 12 13 13 13 13 13 13]
 [13 13 13 14 13 14 14 14 12 13 14 14 14 14 14 15  9  9  9  9 11 12 12 12]
 [12 13 13 13 13 13 13 13 13 13 13 13 14 14 14 13 13 14 14 14 14 15 15 14]
 [ 9 10  9 10 11 12 12 13 13 13 13 13 13 13 14 13 13 13 13 14 14 13 13 14]
 [14 14 14 14 14 14 14 15 10 10 10 10 11 12 12 12 13 13 13 13 13 13 13 13]
 [13 14 13 14 13 14 13 13 13 14 14 14 15 15 15 15 11 11 11 10 11 11 13 13]
 [13 13 13 13 13 13 13 13 14 13 13 14 14 14 13 13 14 14 14 14 14 15 15 15]
 [12 12 11 11 13 12 12 12 13 13 13 13 13 14 13 14 14 14 13 14 14 13 13 14]
 [15 15 14 14 15 15 15 15 13 11 11 11 13 12 13 13 13 13 13 13 13 14 13 13]
 [13 14 14 14 14 14 14 14 15 15 14 15 15 14 15 15 13 12 11 12 13 13 12 13]
 [13 13 12 13 14 13 14 14 14 14 14 14 14 13 13 14 15 14 14 14 15 15 15 15]
 [14 12 11 12 13 12 14 13 13 13 13 13 13 14 14 14 14 14 14 14 13 13 14 14]
 [14 14 15 14 15 15 14 16 12 14 13 12 12 13 13 13 13 13 14 13 14 14 14 14]
 [14 14 14 14 14 14 14 14 14 14 14 15 15 15 15 15 12 14 13 13 13 12 13 14]
 [13 13 14 14 13 13 14 14 14 14 14 14 13 14 14 14 14 15 14 16 15 16 15 15]]