[[16 16 16 17 17 17 17 17 17 17 17 16 17 16 16 16 17 16 17 17 17 17 17 17]
 [17 17 17 17 17 16 18 17 17 18 18 16 17 17 17 17 17 18 17 17 16 16 16 16]
 [16 17 17 17 17 17 17 17 17 17 17 17 17 17 17 16 17 16 17 16 17 17 17 17]
 [17 17 17 17 17 16 16 16 17 17 17 17 17 17 17 17 17 17 16 16 18 17 17 16]
 [17 16 16 16 16 17 17 17 17 16 16 17 17 16 16 16 16 16 17 17 17 17 17 17]
 [17 17 17 17 17 17 16 17 17 17 17 17 17 17 17 17 17 17 16 16 16 16 16 16]
 [17 17 17 17 17 17 17 17 17 17 17 16 17 17 17 17 17 16 17 17 16 17 16 16]
 [17 17 16 17 17 16 16 16 16 16 17 17 17 17 17 17 17 17 17 17 16 17 17 17]
 [17 17 16 16 16 17 17 17 16 17 16 16 16 16 15 16 16 17 17 17 17 17 17 16]
 [17 17 17 17 17 17 16 17 17 17 17 17 17 17 17 17 16 17 17 16 16 16 16 16]
 [16 16 16 17 17 17 16 17 17 17 17 17 16 17 17 17 17 17 17 16 16 16 17 17]
 [17 17 17 16 15 15 16 16 16 17 17 17 17 17 17 17 17 17 17 17 17 16 17 17]
 [16 17 16 17 16 17 17 16 16 17 16 16 15 15 16 16 16 17 17 17 17 17 17 17]
 [17 17 17 17 16 17 16 16 17 17 16 16 17 16 17 16 16 16 16 16 15 14 15 16]
 [16 16 17 17 17 17 17 17 17 17 16 16 16 16 17 17 16 16 16 16 17 17 16 16]
 [17 17 16 16 15 15 15 15 16 17 16 17 17 17 17 17 17 17 17 17 17 17 17 17]
 [16 16 16 16 16 17 16 16 17 17 15 15 14 14 15 15 16 16 17 17 17 17 17 17]
 [17 17 17 16 17 16 17 17 16 16 16 16 16 16 16 16 16 16 16 15 14 14 15 15]
 [16 17 17 17 17 17 16 17 16 17 17 17 17 17 17 17 17 16 16 15 16 16 16 16]
 [16 16 16 15 14 14 15 15 16 17 17 17 17 17 17 17 17 17 16 16 17 17 17 16]
 [16 16 15 15 16 16 16 16 16 16 15 15 13 14 15 15 16 17 17 17 17 17 17 17]
 [17 17 17 17 17 17 17 17 12 10  8 12 15 15 16 15 16 16 15 14 13 14 15 15]
 [16 17 16 17 17 17 17 17 17 17 17 17 17 17 17 17 10  4  1  6 15 16 15 16]
 [16 16 15 14 13 14 15 15 16 17 17 17 17 17 17 17 17 17 17 17 16 17 16 17]
 [ 8  3 -4 -1 14 14 14 15 16 16 15 14 13 14 15 15 16 17 17 17 17 17 17 16]
 [17 16 17 16 16 16 17 17  8  5 -3 -2 13 15 15 15 15 15 15 14 14 14 14 15]
 [16 17 16 17 17 17 17 17 17 17 16 17 17 17 16 17 12 10  6  5 11 14 15 15]
 [15 16 15 14 13 14 15 16 17 17 17 17 17 17 17 17 17 17 16 16 17 17 17 16]
 [12 13 10 10 13 14 15 16 15 16 15 14 14 14 15 16 17 16 17 17 17 17 17 17]
 [17 17 16 17 17 17 16 17 13 14 13 14 14 14 16 16 15 16 15 15 14 14 15 16]
 [17 17 16 16 17 17 17 17 17 17 17 17 17 17 17 16 14 14 15 15 15 15 15 15]
 [15 15 16 15 14 14 16 16 16 16 16 17 17 17 17 17 17 17 16 17 16 16 16 16]]