[[17 17 18 17 17 17 17 17 17 17 17 17 18 17 17 17 17 17 17 17 17 18 17 17]
 [17 18 17 18 17 17 17 18 18 17 18 17 17 17 17 18 17 18 18 17 17 17 17 17]
 [17 17 17 17 17 17 17 18 18 17 17 18 18 18 17 18 17 16 17 17 17 18 17 17]
 [18 17 17 17 17 17 18 17 17 17 17 17 17 17 17 17 17 17 17 17 17 17 17 16]
 [17 17 17 18 18 17 17 18 18 17 17 18 17 17 17 17 17 17 18 18 17 17 17 17]
 [17 17 17 17 17 17 17 18 16 17 17 17 17 17 17 18 17 17 17 17 17 17 17 17]
 [17 17 17 17 17 17 17 17 18 17 17 17 17 17 17 18 18 17 17 18 17 17 18 18]
 [17 17 18 17 17 17 17 17 17 17 17 17 17 17 17 17 17 17 17 17 18 17 17 17]
 [17 18 18 17 17 17 17 17 17 17 17 17 17 17 17 17 17 17 17 17 17 17 17 17]
 [17 17 17 17 17 18 17 17 17 17 17 18 18 17 18 17 17 17 17 17 17 17 17 17]
 [17 17 17 17 17 17 17 17 17 17 17 17 17 17 17 17 17 18 17 17 17 17 17 17]
 [17 17 17 17 17 17 17 17 17 17 17 17 17 17 17 17 17 17 17 17 17 17 17 18]
 [17 17 17 18 18 18 17 17 17 17 17 17 17 17 17 17 17 17 17 18 17 17 17 17]
 [17 17 17 17 17 17 18 17 18 17 18 17 17 17 17 17 17 17 17 17 17 17 17 17]
 [18 17 17 17 17 17 17 17 17 17 17 17 18 18 17 16 18 17 17 17 17 17 17 17]
 [17 17 17 17 17 17 17 17 17 17 17 17 17 17 17 17 17 17 17 17 17 17 17 17]
 [17 17 17 18 17 18 17 17 17 17 17 17 17 17 17 17 17 17 17 17 17 17 17 17]
 [17 17 17 17 17 17 17 17 17 18 17 18 17 17 17 17 17 17 17 17 17 17 17 17]
 [17 17 17 17 17 17 17 17 17 17 17 18 17 17 17 18 17 18 18 18 17 17 17 17]
 [17 17 17 17 17 17 17 17 17 17 17 17 17 17 17 17 17 17 17 17 17 17 17 18]
 [18 17 18 17 18 17 17 17 18 17 17 17 17 17 17 17 17 17 18 17 17 17 17 17]
 [17 17 17 17 18 17 17 17 18 17 17 18 17 17 17 17 17 18 17 17 17 17 17 17]
 [17 17 17 17 17 17 17 17 17 17 17 17 17 17 18 18 18 17 17 18 17 17 18 17]
 [17 17 17 17 17 17 17 17 17 17 17 17 17 17 17 17 17 17 17 17 17 17 17 18]
 [17 18 17 18 17 18 17 17 17 17 17 17 17 17 17 17 17 18 17 17 17 17 17 17]
 [17 17 17 17 17 17 17 17 18 17 18 18 18 17 18 17 18 17 17 17 17 17 17 17]
 [17 17 17 17 17 17 17 17 17 17 18 17 17 17 17 18 23 22 18 17 18 17 17 17]
 [17 17 17 17 17 17 17 17 17 17 17 17 17 17 17 17 17 17 17 17 17 17 17 17]
 [23 22 18 17 18 17 17 18 17 17 18 17 17 17 17 17 17 17 17 17 17 17 17 18]
 [17 17 17 18 17 17 17 17 21 23 18 17 18 17 17 17 17 17 17 17 17 17 17 17]
 [17 17 17 16 17 17 17 17 17 17 17 17 17 17 17 17 21 19 18 18 18 17 17 17]
 [17 17 18 18 17 17 17 17 17 17 17 17 17 17 17 17 17 17 17 17 17 16 18 18]]