[[20 20 17 18 17 18 17 17 17 17 17 17 17 17 17 17 18 17 18 17 17 17 17 18]
 [17 17 16 17 17 17 17 17 20 21 18 18 17 18 17 18 17 17 17 17 17 17 17 17]
 [17 17 17 17 18 17 17 17 17 17 16 17 17 18 17 17 18 18 17 17 17 17 18 18]
 [18 17 17 17 17 18 17 17 17 17 17 17 17 17 17 17 17 17 17 17 18 17 17 17]
 [18 17 17 18 18 18 17 17 17 18 17 17 18 18 17 17 17 17 17 18 17 17 17 17]
 [17 18 17 17 17 17 17 18 17 18 17 17 17 17 17 17 17 17 17 17 17 17 17 17]
 [17 17 17 17 17 17 17 17 17 17 17 17 17 17 17 17 18 18 17 17 17 17 17 17]
 [17 17 17 17 17 17 17 17 17 17 17 17 17 17 17 17 18 17 17 17 17 17 17 18]
 [18 16 16 17 17 18 18 17 18 17 17 17 17 17 17 17 17 17 17 17 18 17 17 17]
 [17 17 17 17 17 17 16 17 18 17 17 18 18 17 18 18 17 17 17 17 17 17 17 17]
 [17 17 17 17 17 17 17 17 17 17 17 17 17 18 17 17 18 17 18 17 17 17 17 17]
 [17 17 17 17 17 17 17 17 17 18 17 17 17 17 17 17 17 17 17 17 17 17 18 17]
 [17 17 18 18 17 17 17 17 17 17 17 17 17 17 17 17 17 17 17 17 17 17 17 17]
 [17 17 17 17 17 17 17 17 18 17 17 17 18 17 17 17 17 17 17 17 17 17 17 17]
 [17 17 17 17 17 17 17 17 17 17 17 17 17 17 17 17 18 17 17 17 17 17 17 17]
 [17 17 17 17 17 17 17 17 17 17 17 17 17 17 17 17 17 17 17 17 17 17 17 17]
 [17 17 17 17 17 18 17 17 17 17 17 17 17 17 17 17 17 17 17 17 17 17 17 17]
 [17 17 17 17 18 18 17 17 17 17 17 17 18 18 17 17 17 17 17 17 17 17 17 17]
 [17 17 17 17 17 17 17 17 17 17 18 17 17 17 16 18 18 17 18 17 17 17 17 17]
 [17 17 17 17 17 17 17 17 17 17 17 17 17 17 17 17 17 17 17 17 17 17 17 17]
 [18 18 17 17 17 17 17 17 17 17 17 17 17 17 17 17 17 17 17 17 17 17 17 17]
 [17 17 17 17 17 17 17 17 17 18 17 17 17 17 17 17 18 17 17 17 17 17 17 17]
 [17 17 17 17 17 17 17 17 17 17 17 17 17 17 17 17 17 17 17 17 18 17 16 17]
 [17 17 17 17 17 17 17 17 17 17 17 17 17 17 17 17 17 17 17 17 17 17 17 17]
 [18 18 18 17 17 17 17 17 17 17 17 17 17 17 17 17 17 17 17 17 17 17 17 17]
 [17 17 18 17 17 17 18 17 17 17 17 17 18 17 17 17 17 17 17 17 18 17 17 17]
 [17 18 17 17 17 17 17 17 17 17 17 17 17 17 16 17 17 17 18 17 17 17 17 17]
 [17 17 17 17 18 17 17 17 17 17 17 17 17 17 17 17 17 17 17 17 18 18 18 17]
 [18 17 18 17 17 18 17 17 17 17 17 17 17 17 17 17 17 17 17 17 17 17 17 17]
 [17 17 17 17 17 17 17 18 18 17 17 18 17 17 17 17 18 17 17 17 17 17 17 17]
 [17 17 18 17 17 17 17 17 17 18 17 17 18 17 17 17 18 18 17 17 17 17 17 17]
 [17 17 17 17 17 17 17 17 17 17 17 17 17 17 17 17 17 17 16 18 17 18 16 16]]