[[15 15 15 15 16 15 15 15 15 15 15 15 15 15 15 15 15 15 15 15 15 15 15 15]
 [15 15 16 16 16 16 16 16 15 15 15 15 14 15 15 15 15 16 16 15 15 15 15 15]
 [15 15 15 15 15 15 15 15 15 16 15 16 16 16 16 16 15 15 15 15 16 14 15 14]
 [15 15 15 15 15 15 15 15 15 15 15 15 15 15 15 15 15 15 15 15 16 16 16 16]
 [15 15 14 15 15 15 15 14 15 15 15 15 15 15 15 15 15 15 15 15 15 16 15 15]
 [15 15 15 16 16 16 16 16 15 15 15 16 15 15 14 14 15 16 15 15 15 15 15 15]
 [15 15 15 15 15 15 15 15 15 15 15 15 16 16 16 16 14 15 14 15 15 15 15 15]
 [15 15 15 16 15 15 15 15 15 15 15 15 15 15 15 15 15 15 15 15 16 16 16 16]
 [15 15 15 15 15 15 15 15 15 15 15 16 16 16 15 15 15 15 15 16 15 15 15 16]
 [15 15 15 15 15 15 16 16 15 15 15 15 16 16 15 15 15 15 15 15 15 15 15 15]
 [15 15 15 15 15 15 15 15 15 15 15 15 15 15 16 16 15 15 15 14 16 15 16 16]
 [16 16 15 15 15 16 15 15 15 15 15 15 15 16 15 16 15 16 15 15 15 15 15 16]
 [15 15 15 15 15 16 15 15 15 15 15 15 15 15 15 15 16 16 15 15 15 15 15 16]
 [15 15 15 15 15 15 16 16 15 15 15 16 15 16 15 15 16 15 16 16 15 16 15 16]
 [15 16 16 15 15 15 15 15 16 15 15 15 15 16 15 16 15 15 15 15 15 15 16 16]
 [16 16 15 16 15 15 15 15 15 16 15 15 15 15 15 15 16 15 15 16 15 15 15 16]
 [15 14 16 15 15 16 16 16 15 16 16 15 16 16 15 15 15 15 16 16 16 16 15 15]
 [15 16 15 15 15 16 16 16 15 15 16 15 15 16 15 15 15 16 16 16 15 16 15 16]
 [15 15 15 16 15 16 15 15 15 15 15 15 16 16 16 17 15 15 15 15 16 15 15 16]
 [16 15 16 16 15 16 16 15 15 15 15 15 15 15 15 16 15 15 15 16 15 16 16 16]
 [15 15 15 15 15 16 16 15 15 16 16 16 16 16 16 15 15 16 16 15 16 15 15 16]
 [15 16 16 16 15 15 16 16 15 15 15 15 16 16 15 15 16 16 16 16 16 16 15 15]
 [16 15 15 16 16 15 15 15 15 15 15 16 16 16 16 16 15 15 15 15 15 15 16 16]
 [16 16 15 16 16 16 16 15 15 15 15 15 16 16 16 16 15 15 15 16 15 15 16 17]
 [18 18 15 15 15 15 15 16 16 15 16 15 16 16 16 15 16 16 15 15 16 15 15 16]
 [16 16 16 16 15 16 15 16 19 17 15 15 15 15 15 15 16 16 16 16 16 16 16 15]
 [15 15 16 15 15 15 15 16 16 15 15 15 15 16 15 16 20 21 16 15 15 16 15 15]
 [16 16 16 15 16 16 16 16 16 15 16 15 15 15 15 15 16 16 15 16 16 16 16 16]
 [21 20 15 16 15 15 15 15 16 15 15 16 15 15 15 16 15 15 15 15 16 16 15 15]
 [15 15 16 16 16 16 15 16 19 20 15 15 15 15 15 15 15 15 15 15 16 15 16 16]
 [16 15 16 15 16 16 16 15 16 16 15 16 16 16 16 17 18 18 14 16 15 15 15 16]
 [15 16 16 15 16 15 15 16 15 16 15 16 15 16 16 16 15 15 16 15 16 16 17 17]]