[[12 12 11 11 11 12 11 12 12 12 12 12 11 12 12 12 13 12 12 13 12 12 12 13]
 [14 13 13 14 14 15 13 14 12 12 12 10 12 12 12 12 12 12 12 12 12 12 13 13]
 [13 13 13 13 13 13 11 12 14 14 13 14 14 15 16 15 12 11  9  9 11 11 10 11]
 [11 12 12 12 12 12 12 12 12 12 13 13 13 13 12 11 13 13 14 13 14 15 15 15]
 [12 11  9  9 10 10 11 10 11 11 12 12 12 12 13 12 12 13 13 13 13 14 12 12]
 [13 13 14 13 14 14 15 15 11 10  9  9 10 10  9 10 10 11 11 11 11 12 12 12]
 [12 12 13 13 13 13 13 12 12 13 14 13 14 14 14 15 10  8  9  8  9  9  9  9]
 [11 10 11 11 12 12 12 12 12 13 13 13 12 13 13 13 12 12 13 14 13 14 14 15]
 [ 8  7  7  7  8  9  8  9  9  9 10 10 11 12 12 12 12 12 12 12 13 13 13 13]
 [12 12 13 14 14 14 14 15  7  5  7  5  8  7 10  9  9  9 10 10 11 12 12 12]
 [12 12 13 12 12 13 13 13 12 12 14 14 13 14 14 15  3  2  2  3  4  5  7  9]
 [ 9 10 11 11 11 12 11 12 12 12 12 13 12 13 13 13 12 13 13 14 13 13 14 15]
 [ 3  1  0  0  3  3  7  8 10 10 11 11 11 11 12 12 12 12 13 12 13 13 13 13]
 [13 13 13 14 13 14 14 15  2  1  0  2  1  3  7  8 10 10 11 11 11 11 12 12]
 [12 12 12 13 13 13 13 13 13 12 13 13 13 13 15 14  3  2  3  2  3  4  8  8]
 [10 10 11 11 12 12 12 12 12 12 13 12 13 13 13 13 12 12 13 14 13 14 14 14]
 [ 5  5  5  6  5  7  9  9 10 10 11 11 12 12 12 12 12 13 13 13 13 13 13 14]
 [12 12 13 13 13 13 14 15  5  6  7  7  7  8  9 10 10 10 11 11 12 12 12 12]
 [12 12 13 13 13 13 13 13 13 13 13 14 14 13 14 15  7  7  7  7  8  9 10 10]
 [10 11 11 12 12 12 12 12 13 12 13 13 13 13 13 13 13 12 13 14 13 14 15 15]
 [ 8  8  9  8  8  9 10 10 11 11 12 12 12 12 13 12 12 13 13 13 13 13 13 13]
 [13 13 14 14 14 14 15 15  9  8  8  9  8  9 10 11 11 11 12 12 12 12 13 12]
 [13 13 13 13 13 13 13 13 13 13 14 14 14 14 15 15  9  9  9  9 10 10 10 11]
 [11 12 12 12 12 13 13 13 12 13 13 13 13 13 13 13 13 13 14 14 14 14 15 15]
 [11 11 10 10 10 10 11 11 11 12 12 13 13 12 13 13 13 13 13 13 13 13 13 14]
 [14 14 14 14 15 15 15 15 12 10 10 10 11 10 11 11 12 12 12 12 13 13 13 13]
 [13 13 13 13 13 13 14 13 14 14 14 14 14 14 15 16 12 10 10 10 11 12 12 12]
 [12 12 13 12 12 12 13 13 13 13 13 13 13 14 13 13 13 14 14 14 14 15 15 15]
 [12 11 10 10 11 11 12 12 12 12 12 12 12 13 13 13 13 13 13 14 13 13 13 13]
 [13 14 14 14 15 15 15 15 11 12 12 11 11 11 12 12 12 12 12 13 13 13 14 13]
 [13 13 13 14 14 14 13 13 14 14 14 15 14 15 15 15 12 12 13 12 12 11 12 13]
 [12 12 12 13 13 13 13 13 13 13 13 14 13 13 13 14 14 15 15 15 15 14 14 14]]