[[19 19 18 17 17 17 18 17 17 17 17 17 17 17 17 17 17 17 17 17 18 17 17 17]
 [17 18 17 17 18 17 18 18 18 18 17 17 18 17 17 17 18 17 17 17 17 17 17 17]
 [17 17 17 17 17 17 17 17 17 17 17 17 17 17 18 17 17 17 17 17 17 18 18 17]
 [18 17 17 17 17 17 17 17 17 17 17 17 17 17 17 17 17 17 17 17 17 17 17 17]
 [17 17 17 18 18 17 18 17 17 17 17 18 17 17 17 17 17 17 17 17 17 17 17 17]
 [17 17 17 17 17 17 17 17 16 17 17 18 17 18 17 17 17 18 17 17 17 17 17 16]
 [17 17 17 17 17 17 17 17 17 17 17 17 17 17 17 16 18 17 17 17 18 17 17 17]
 [17 17 17 17 17 17 17 17 17 16 17 17 17 17 17 17 17 17 17 17 17 17 17 17]
 [18 17 17 18 17 17 18 17 17 18 17 17 17 17 17 17 17 17 16 16 17 16 17 17]
 [17 17 17 17 17 17 17 16 18 17 18 18 18 17 17 17 17 17 17 17 17 17 17 17]
 [17 17 16 17 16 17 17 17 17 17 17 17 17 17 16 17 18 18 17 17 17 18 17 17]
 [17 17 17 17 17 17 17 17 17 17 17 16 16 16 17 17 17 17 17 17 16 17 16 16]
 [17 17 17 18 17 17 17 17 17 17 17 17 17 17 17 17 17 17 16 17 17 16 16 16]
 [17 16 16 17 16 16 15 16 17 17 17 17 17 17 17 17 17 17 17 17 17 17 17 17]
 [16 17 16 16 16 17 16 16 16 17 16 16 16 16 15 15 18 17 17 17 18 17 17 17]
 [17 17 17 17 17 17 17 17 17 17 16 17 17 16 16 16 16 16 16 16 16 16 15 16]
 [17 17 17 17 17 17 17 17 17 17 17 17 17 17 17 17 17 17 17 17 17 17 17 16]
 [16 16 16 16 16 15 14 11 17 16 17 17 17 17 17 17 18 17 17 17 17 17 17 17]
 [17 17 16 17 17 16 16 16 16 16 16 16 15 14  9  7 17 17 17 17 17 17 17 17]
 [17 17 17 17 17 17 17 17 17 17 16 16 16 17 17 16 16 16 15 15 16 15 12  4]
 [18 17 17 17 18 17 17 17 17 17 17 17 17 17 17 17 17 17 16 16 16 16 17 17]
 [16 16 15 16 15 15 10 10 17 17 17 17 17 17 17 17 17 17 17 17 17 17 17 17]
 [17 17 17 16 16 16 16 16 16 16 15 15 15 14 13 12 17 17 17 17 17 17 17 17]
 [17 16 17 17 17 17 17 17 17 17 16 17 16 16 16 16 16 16 15 16 15 15 13 14]
 [16 18 17 18 17 17 17 17 17 17 17 17 17 17 17 17 17 17 17 17 17 17 16 16]
 [16 16 16 15 15 15 15 15 17 17 17 18 18 17 17 18 17 17 17 17 17 17 17 17]
 [17 17 17 17 16 16 16 16 16 16 15 15 16 15 16 16 16 17 17 17 17 17 17 17]
 [17 17 17 17 17 17 17 17 17 17 17 16 16 17 17 15 16 16 16 15 15 16 16 16]
 [20 17 17 18 17 17 17 17 17 17 17 17 17 17 17 17 17 17 17 17 17 16 16 16]
 [16 16 16 16 15 16 16 17 17 18 17 18 16 17 18 17 17 17 17 17 17 17 17 17]
 [17 17 17 17 16 17 17 16 16 16 16 16 16 16 17 16 17 17 18 17 18 17 17 17]
 [17 17 17 17 18 17 17 17 17 17 16 17 16 16 16 16 16 16 17 16 16 15 16 16]]