[[16 16 18 17 17 16 16 17 17 17 17 17 17 17 17 17 17 17 17 17 17 16 17 16]
 [18 17 17 17 17 17 16 17 15 18 18 17 17 18 17 17 17 17 17 17 17 17 17 16]
 [17 17 17 17 17 17 17 17 17 17 17 16 17 17 16 16 16 17 17 18 17 17 17 17]
 [17 16 17 17 17 17 17 17 17 16 17 17 17 17 16 17 17 16 17 17 16 17 16 17]
 [16 17 17 17 17 16 17 17 16 17 17 17 17 17 17 16 17 17 17 17 17 17 16 17]
 [17 17 17 16 16 16 16 16 17 16 17 17 18 17 16 17 17 17 17 17 16 16 16 17]
 [17 17 17 17 17 17 16 17 16 16 16 16 17 16 16 16 17 17 18 17 16 17 17 17]
 [16 17 16 17 17 17 16 16 17 17 17 16 17 17 17 16 15 16 16 16 17 17 16 17]
 [17 17 17 17 17 17 17 17 17 17 17 17 16 16 16 16 16 16 16 17 16 16 16 16]
 [16 15 15 16 16 15 15 16 17 17 18 17 17 17 17 17 17 17 17 17 17 17 16 16]
 [16 16 16 16 16 17 16 16 15 16 16 15 15 16 15 15 17 17 17 17 17 17 17 17]
 [17 16 16 17 17 16 17 16 16 16 15 16 16 16 16 16 16 15 15 15 15 12 14 13]
 [17 17 17 17 17 17 17 17 17 16 17 16 17 16 16 17 16 16 16 16 16 16 16 16]
 [15 16 14 15 10 13 11 13 17 17 17 18 17 17 17 17 17 17 16 16 16 16 16 17]
 [16 15 16 16 16 16 16 16 16 13 14 10  7  0  8 12 17 17 17 17 17 17 17 17]
 [16 17 17 16 16 16 17 17 16 16 16 16 15 15 16 16 15 15 13 13 -2 -1  8  9]
 [18 17 17 17 17 17 16 17 17 17 16 17 16 16 16 17 16 16 15 15 15 15 15 16]
 [16 14 13 12  8  3  5 13 16 17 17 17 17 17 18 17 17 17 17 16 16 16 16 16]
 [16 17 16 16 15 15 15 15 15 16 14 14  8  6 12 11 17 16 17 17 17 17 17 17]
 [17 16 17 17 17 16 16 16 16 16 16 16 16 15 15 16 16 14 14 13 12 12 13 15]
 [17 17 17 18 16 17 17 17 17 17 17 17 16 17 16 16 16 16 16 16 15 15 15 15]
 [15 16 14 14 12 13 15 14 17 17 17 17 17 17 17 17 17 16 17 17 16 16 16 16]
 [16 16 16 17 16 15 15 15 15 15 15 15 14 15 15 16 17 18 17 17 17 17 17 17]
 [17 17 17 17 16 17 16 16 16 16 16 16 15 16 15 15 16 16 15 15 15 16 16 15]
 [17 17 17 17 17 17 17 17 17 16 17 17 17 16 16 17 17 16 16 16 16 15 15 15]
 [15 15 16 16 16 15 16 16 17 17 18 17 17 17 17 17 17 17 17 17 17 17 17 16]
 [16 16 16 16 15 16 15 15 15 15 16 16 15 16 17 16 18 16 17 18 17 17 17 17]
 [16 17 17 17 17 17 16 17 17 16 16 16 16 16 16 16 15 14 15 16 16 15 17 16]
 [18 19 17 17 17 17 17 17 17 17 17 17 16 17 16 16 16 17 16 16 16 16 16 16]
 [15 15 15 16 16 16 17 16 21 17 17 17 17 16 17 17 17 16 17 17 16 16 16 17]
 [16 16 16 16 16 16 16 17 16 15 15 16 16 15 16 17 17 18 18 17 16 17 17 16]
 [17 17 17 17 17 17 17 17 17 17 16 16 16 16 16 16 16 16 16 15 15 16 16 16]]