[[13 13 14 14 14 13 14 13 14 13 13 12 13 13 12 13 13 13 13 13 13 13 14 12]
 [12 13 13 14 14 14 15 13 14 14 13 14 13 13 12 13 13 13 13 13 12 12 12 12]
 [13 13 13 14 12 13 13 13 12 12 13 13 14 14 14 14 14 13 14 14 14 13 14 12]
 [13 13 13 12 12 10 11 11 12 12 13 12 13 13 13 13 12 13 13 13 13 13 14 14]
 [14 14 14 15 14 13 13 13 12 13 11 12 10 11 10 10 12 12 13 13 13 13 13 13]
 [12 13 13 13 14 14 12 13 15 14 14 14 14 13 13 13 13 12 12 11 10  9 10 10]
 [10 12 12 13 13 12 13 12 13 12 13 13 13 13 14 13 13 14 13 14 13 13 13 13]
 [13 13 12 12 10 10  9 10 11 11 13 13 12 13 12 12 12 13 13 13 12 13 12 12]
 [14 14 13 14 14 13 13 13 13 12 12 10 10  9  9  9 10 11 12 12 12 13 13 12]
 [12 12 12 12 13 12 12 12 13 14 14 14 13 13 13 13 13 13 11 12  9 10  9  9]
 [11 10 12 12 12 13 12 13 12 12 12 13 12 13 12 13 13 13 14 13 13 13 13 12]
 [13 12 12 10 10  9 10 10 10 12 12 12 12 12 12 12 13 12 12 12 12 12 12 12]
 [14 14 14 13 13 13 13 13 12 13 11 12  9 10  9 10 11 10 12 12 12 12 12 12]
 [12 12 11 12 12 13 11 12 14 13 13 13 14 13 13 11 12 12 12 10 10  9  9  9]
 [10 12 12 11 12 12 12 12 13 11 12 11 12 12 11 11 14 13 13 13 13 13 12 12]
 [12 12 12 12  9 10  9  9 12 11 12 12 12 12 11 12 12 12 11 12 11 12 10 11]
 [14 13 14 13 14 13 13 12 12 12 12 11 11  9  9 10 11 12 12 11 11 11 11 11]
 [11 10 11 10 12 10 10 10 14 14 13 14 13 14 13 13 13 12 12 13  9 10 10 10]
 [12 12 11 12 11 11 10 11 10 11 10 11  9 11  9 10 14 14 14 14 14 13 13 13]
 [13 12 12 12 12 10  9 12 12 12 12 11 11 10 10  9 10  9 10  8 10  9 10  9]
 [14 14 14 14 14 13 13 13 12 13 12 13 11 11 11 10 11 12 11 11 10 11 10 10]
 [ 8  9  8  9  8 10  8 10 14 14 14 14 14 13 13 13 13 12 13 12 12 12 11 11]
 [12 11 11 11 11 10 10  7  8  6  8  5  8  6  9  9 14 13 14 14 14 14 13 13]
 [13 13 12 13 12 13 11 11 11 12 10 11 10 10  8  9  6  7  4  6  4  6  7  9]
 [14 13 14 14 14 13 13 13 13 13 13 12 13 11 12 11 11 11 11  9 10  9  9  6]
 [ 6  3  4  2  3  3  7  8 14 14 14 14 14 13 13 13 13 13 12 13 12 12 11 12]
 [11 11 10 11  8  9  7  8  3  4  1  3  0  3  7  9 17 15 13 13 13 13 14 13]
 [14 12 13 13 12 12 13 11 12 10 10  9  9  7  7  5  3  2  1  0  1  2  7  7]
 [17 14 14 14 14 14 13 13 12 13 13 13 12 13 11 12 10 11  8  9  7  8  5  7]
 [ 3  3  1  1  1  3  5  9 15 15 14 13 13 12 13 13 13 13 13 13 13 12 12 11]
 [11  9  9  9  8  7  7  5  4  3  1  3  3  5  6  7 14 14 14 13 13 13 13 14]
 [13 13 12 13 12 13 11 12 10 10  9 10  7  8  6  6  5  4  4  4  5  5  8  8]]