[[15 15 17 16 16 16 16 15 15 14 14 15 14 15 14 15 14 14 15 14 14 15 14 15]
 [14 14 14 15 15 15 15 15 16 16 17 16 16 16 16 16 14 14 14 15 14 14 14 14]
 [15 14 15 15 14 14 15 15 15 14 15 14 16 16 16 15 16 16 16 16 16 15 16 16]
 [15 15 14 15 14 14 14 14 15 15 14 15 14 14 14 14 14 15 14 15 15 15 15 15]
 [16 16 16 16 15 15 16 16 15 15 14 14 14 14 14 14 15 15 15 15 15 15 15 15]
 [15 15 15 15 15 15 15 16 16 15 16 16 15 16 16 15 15 15 14 15 14 14 14 14]
 [14 15 14 15 14 15 14 15 15 15 15 15 16 15 15 16 16 16 16 16 17 16 15 16]
 [15 14 14 15 14 14 14 15 14 14 15 15 14 14 15 15 15 15 15 15 15 15 15 15]
 [16 17 16 16 17 16 15 15 14 14 15 14 14 14 14 15 15 15 14 15 14 14 15 15]
 [15 15 15 15 15 15 15 15 16 16 16 17 16 16 16 15 15 14 14 14 14 14 15 15]
 [15 14 15 15 14 14 14 15 15 15 15 15 15 15 14 15 16 16 16 16 16 16 15 15]
 [15 14 14 15 14 15 15 15 15 15 14 15 14 14 15 15 15 15 15 15 15 15 15 15]
 [16 16 16 17 15 15 15 15 14 15 14 14 14 14 15 15 15 15 15 15 14 14 15 14]
 [15 15 15 15 15 15 15 15 16 16 16 15 14 15 15 14 14 15 15 15 14 15 15 15]
 [15 15 15 15 14 14 14 15 15 15 15 16 15 15 15 15 16 17 15 15 15 14 15 15]
 [14 14 15 15 14 14 15 15 15 15 15 15 14 14 15 15 15 15 15 15 15 15 15 15]
 [16 15 15 14 15 15 15 15 15 15 15 14 15 14 15 15 15 15 15 15 15 14 14 15]
 [15 15 15 15 15 15 15 15 15 16 14 14 15 15 15 15 14 14 14 15 14 14 15 15]
 [15 15 15 15 15 15 14 15 15 15 15 16 15 15 15 15 16 16 14 13 15 15 15 15]
 [14 14 14 15 15 15 15 15 15 15 15 15 15 15 14 15 15 15 15 15 15 15 15 15]
 [16 15 13 13 15 15 15 15 14 14 15 15 15 15 15 15 15 15 15 15 15 15 15 15]
 [15 16 15 15 15 15 15 15 16 16 15 13 14 15 14 15 14 14 14 15 15 15 15 15]
 [15 15 15 15 15 15 15 15 15 15 15 15 15 15 15 16 16 16 14 14 14 15 15 15]
 [14 14 15 15 15 15 15 15 15 15 15 15 15 15 15 15 15 15 15 15 15 15 15 15]
 [16 16 15 15 14 15 15 15 14 14 14 15 15 14 15 15 15 15 15 15 15 15 15 15]
 [15 15 15 16 16 15 16 15 16 16 15 15 14 15 15 15 15 14 15 14 15 15 15 15]
 [15 15 16 16 15 15 15 15 15 15 16 15 15 15 16 16 17 16 15 15 14 15 14 14]
 [15 14 15 15 15 15 15 15 15 15 15 15 15 16 16 16 16 15 15 16 15 16 16 16]
 [19 16 16 16 15 15 14 14 15 15 15 15 15 15 15 15 15 15 15 15 15 16 15 16]
 [15 15 15 15 15 16 16 16 16 16 16 16 16 15 15 14 14 15 15 15 14 15 14 15]
 [15 15 15 15 15 16 15 16 15 16 16 16 15 16 15 16 16 16 16 16 16 16 15 15]
 [14 14 15 15 15 15 15 15 15 15 15 15 15 16 16 16 15 16 15 15 15 16 17 17]]