[[17 17 18 17 18 17 17 17 18 17 18 17 17 18 17 17 17 17 17 17 17 17 17 17]
 [17 17 17 17 17 17 17 17 17 17 17 17 17 17 16 17 17 17 17 17 17 18 17 17]
 [17 17 17 17 17 17 17 17 17 17 17 16 17 17 17 17 18 17 17 17 17 17 17 16]
 [17 17 17 17 17 17 17 16 17 17 17 17 17 17 17 17 17 17 17 17 17 17 17 17]
 [17 17 17 18 17 17 17 17 17 17 17 17 17 17 17 17 17 17 16 17 18 17 17 18]
 [17 17 16 17 17 17 17 17 17 16 17 16 17 17 17 17 17 17 18 17 17 17 17 17]
 [17 17 17 17 17 17 17 17 17 17 17 17 17 17 17 17 17 17 17 17 17 17 17 17]
 [17 17 17 17 17 17 17 18 17 17 17 17 17 17 16 17 17 17 17 17 17 17 17 17]
 [17 17 17 17 17 17 17 17 17 17 17 17 17 17 17 17 17 17 17 17 17 17 17 17]
 [17 17 17 17 17 17 17 17 17 17 17 18 17 17 17 18 17 17 17 17 17 17 17 17]
 [17 17 17 17 17 17 17 17 17 17 17 17 17 17 17 17 18 16 17 17 17 17 17 17]
 [17 17 17 17 17 17 17 17 17 17 17 17 17 17 17 17 17 17 17 17 17 17 17 17]
 [17 17 17 18 17 17 17 17 17 17 17 17 17 17 17 17 17 17 17 17 17 17 17 17]
 [17 17 17 17 17 17 17 17 18 17 17 17 17 17 17 17 17 17 17 17 17 17 17 17]
 [17 17 17 17 17 16 17 16 18 17 17 16 17 17 17 17 17 17 17 17 17 17 17 17]
 [17 17 17 17 17 17 17 17 17 17 16 17 17 16 16 17 17 17 17 17 17 17 16 17]
 [17 17 17 17 17 17 16 17 17 17 17 16 17 17 17 16 17 17 17 17 17 17 17 17]
 [17 16 17 17 17 16 17 17 17 17 17 17 17 17 17 17 17 17 17 17 17 17 17 17]
 [17 17 16 17 17 17 17 17 17 17 16 17 17 17 17 17 17 16 17 17 17 17 17 17]
 [17 16 17 17 17 17 17 17 17 17 17 17 17 16 16 16 17 17 16 17 17 17 17 17]
 [16 17 17 17 17 17 17 17 17 17 17 17 17 17 16 17 17 17 17 17 17 16 16 17]
 [17 17 17 17 16 17 16 17 17 16 17 17 17 17 17 17 17 17 17 17 17 17 17 16]
 [17 17 17 17 17 17 17 17 16 17 17 17 16 16 17 16 15 17 16 17 17 17 17 17]
 [17 17 17 17 16 17 17 17 17 17 16 17 17 17 17 17 17 17 17 17 16 17 17 17]
 [17 17 17 17 17 16 17 17 17 17 17 17 17 17 17 16 17 16 17 17 17 17 17 17]
 [17 17 17 17 17 17 17 16 16 17 17 18 17 17 17 17 17 17 17 17 17 17 17 17]
 [17 17 17 17 17 17 17 17 17 16 16 17 17 17 17 17 18 17 17 17 18 16 17 16]
 [17 17 17 17 17 16 17 17 17 17 17 16 16 17 17 17 17 16 17 16 17 17 17 16]
 [17 17 17 17 17 17 17 17 17 17 16 17 17 17 16 17 17 17 17 17 17 17 17 17]
 [17 17 17 17 16 17 17 17 15 18 17 16 17 17 17 17 17 17 17 17 17 17 17 16]
 [17 17 17 16 17 17 17 17 17 16 17 16 17 17 17 16 17 17 17 17 17 17 16 17]
 [17 17 17 17 17 17 16 17 17 17 17 17 16 17 16 18 16 17 17 17 17 17 17 17]]