[[14 14 16 15 15 15 15 15 15 15 15 16 16 15 15 15 15 14 15 16 16 16 16 16]
 [16 16 16 17 16 16 17 16 15 16 16 16 16 16 16 16 15 16 15 16 16 15 15 15]
 [15 15 15 15 16 16 16 17 16 16 16 17 17 17 16 17 15 15 15 16 15 15 16 15]
 [15 15 16 16 15 15 16 15 16 15 15 16 16 16 16 16 17 17 16 16 16 16 16 16]
 [15 16 15 15 16 15 15 15 15 16 15 16 16 16 15 15 15 15 15 15 16 16 16 17]
 [17 17 17 16 16 17 16 17 16 15 16 16 16 16 15 15 15 16 15 16 15 16 15 15]
 [15 16 15 15 15 16 16 16 16 16 16 17 17 17 16 17 15 16 15 16 15 16 15 15]
 [16 15 15 15 15 16 15 15 15 16 15 15 15 15 16 16 16 16 16 16 16 17 16 17]
 [15 16 15 16 15 16 15 15 15 16 15 15 15 15 15 15 15 15 16 16 15 15 15 15]
 [15 16 16 16 16 16 16 16 15 15 16 16 15 16 16 15 16 15 15 15 15 16 15 15]
 [16 15 15 16 16 16 15 15 16 15 16 16 17 17 16 17 16 16 16 16 15 16 15 15]
 [15 15 15 16 15 15 16 15 15 15 15 15 15 16 16 16 15 15 15 16 16 16 17 17]
 [16 15 15 15 16 15 16 16 15 15 15 16 16 15 15 16 15 15 15 15 16 16 16 16]
 [16 16 15 16 16 17 17 16 15 15 15 15 15 16 15 15 15 15 16 16 15 16 15 15]
 [15 15 16 15 15 16 15 16 15 15 16 16 17 16 17 16 15 15 15 15 15 15 15 15]
 [15 15 16 16 16 15 16 15 15 16 15 15 15 16 16 16 15 16 16 17 16 17 16 17]
 [15 15 16 16 16 16 16 15 15 16 16 16 16 15 15 15 15 15 15 15 16 16 15 16]
 [16 15 16 16 16 16 16 17 15 15 16 15 15 15 15 15 15 15 16 16 16 16 15 16]
 [15 15 15 15 16 15 15 15 15 16 16 16 16 16 16 16 16 15 15 15 16 16 15 15]
 [16 16 15 15 15 15 15 16 16 15 16 16 15 15 15 15 15 15 16 16 16 16 16 16]
 [16 15 16 16 16 16 16 16 16 15 15 16 16 15 16 16 15 16 15 16 15 15 15 16]
 [15 16 16 16 16 16 17 16 16 16 16 16 15 15 15 15 15 15 16 15 15 15 16 15]
 [15 15 15 16 16 15 16 15 15 15 16 16 16 16 17 17 15 16 16 16 15 15 15 16]
 [15 15 15 16 16 16 15 15 16 15 15 16 15 15 15 15 16 16 16 16 16 16 17 17]
 [16 15 16 16 16 15 16 15 15 15 15 16 16 15 15 15 15 15 16 15 15 15 16 16]
 [16 16 16 17 17 16 16 17 17 16 16 15 15 16 16 16 15 15 16 16 15 15 16 16]
 [15 16 16 16 15 16 15 16 16 16 16 16 16 17 17 17 20 19 16 16 16 15 15 16]
 [15 15 15 16 15 15 15 16 15 15 15 15 16 16 16 16 16 17 16 16 16 16 16 17]
 [21 20 16 16 16 16 15 15 16 16 15 16 15 16 15 16 15 15 15 16 16 16 16 16]
 [16 17 16 17 17 16 17 17 20 20 16 15 15 15 15 15 16 16 15 15 16 16 16 16]
 [15 16 15 15 16 16 16 16 16 16 16 16 16 16 16 17 17 19 16 16 15 15 16 15]
 [16 16 16 15 16 16 16 16 16 16 15 16 15 16 15 16 16 17 16 17 16 17 17 17]]