[[16 16 16 15 15 15 15 15 15 15 15 15 14 15 14 14 14 14 15 14 14 15 14 14]
 [14 14 14 14 14 14 13 14 16 14 16 16 15 15 15 15 15 15 15 15 15 14 15 15]
 [14 15 14 14 14 14 14 14 14 14 14 14 14 14 13 14 14 15 16 14 15 15 15 14]
 [15 15 15 14 14 15 15 14 15 14 14 14 14 14 14 14 14 15 13 13 14 14 13 14]
 [16 15 15 15 15 15 15 15 15 14 14 15 15 15 15 14 14 14 14 14 14 14 14 14]
 [14 14 13 13 14 14 13 14 15 15 15 15 15 14 15 14 15 15 15 15 15 15 15 14]
 [15 14 14 13 13 13 13 13 13 13 13 13 13 14 13 13 15 15 15 15 15 14 14 15]
 [15 15 14 15 15 14 14 14 14 14 14 14 13 14 13 14 13 13 12 13 13 13 13 13]
 [15 15 16 15 16 15 15 14 15 15 15 14 14 14 14 14 14 14 14 14 14 14 13 13]
 [13 12 12 12 13 14 13 13 15 15 15 15 15 15 15 14 14 15 15 15 15 14 14 14]
 [14 14 14 14 13 14 13 13 12 12 11 11 12 13 13 14 15 15 15 15 15 15 15 14]
 [15 15 15 15 14 14 14 14 14 14 14 14 13 14 14 13 13 12 11 10 12 13 13 13]
 [14 16 15 15 15 15 15 15 15 15 14 15 14 14 14 14 14 15 14 14 14 14 13 13]
 [13 13 11 11 13 12 13 14 15 15 15 15 15 15 15 15 15 15 15 14 14 14 14 14]
 [14 14 14 14 13 13 13 13 13 12 12 11 12 13 13 13 15 15 15 15 15 15 15 15]
 [15 15 14 15 15 14 14 14 14 14 13 14 13 13 13 13 13 13 11 11 12 12 13 13]
 [15 15 15 16 15 15 15 15 15 15 15 14 15 14 14 14 14 14 14 14 13 13 13 13]
 [13 13 12 11 12 13 13 12 15 16 15 15 15 15 15 15 14 15 15 14 14 14 14 14]
 [14 14 13 14 13 13 12 13 13 13 12 12 12 13 12 13 16 16 15 15 15 15 15 15]
 [15 15 15 15 15 15 15 14 14 14 14 14 14 13 13 14 13 13 12 12 12 13 13 12]
 [16 16 15 16 15 15 15 15 15 15 14 15 15 15 14 14 14 14 14 14 14 14 14 13]
 [13 13 12 12 13 13 12 12 16 16 15 15 15 15 15 15 15 15 15 15 15 15 14 14]
 [14 15 14 14 14 14 14 13 14 13 13 13 13 12 11 10 15 16 15 15 15 15 15 15]
 [15 15 15 15 15 14 14 15 15 15 14 14 14 14 14 14 13 13 13 13 12 13 10 10]
 [16 16 15 15 15 15 15 15 15 15 15 15 15 15 15 14 14 14 14 14 14 14 14 13]
 [13 13 13 13 12 11 10  8 15 16 15 16 15 15 15 15 15 15 15 15 14 15 14 14]
 [14 14 14 14 14 14 14 14 13 14 13 13 11 12  9  9 16 16 16 15 15 15 15 15]
 [15 15 15 14 15 15 15 14 14 14 14 14 14 14 14 13 13 13 13 12 10 10  8  5]
 [17 16 16 15 15 15 15 15 15 14 14 15 15 15 15 14 14 14 14 14 14 14 13 14]
 [13 13 12 11 10 10  6  7 16 16 17 16 15 15 15 14 14 14 15 14 14 14 15 14]
 [14 15 14 14 14 13 14 13 14 13 12 10 11  8  8  7 16 16 16 16 16 15 15 15]
 [15 15 13 14 15 15 14 14 15 14 14 14 14 13 14 13 13 13 11 12 10  9 10 10]]