[[18 18 18 17 17 17 18 17 18 18 17 17 17 17 17 17 17 17 17 17 17 17 17 17]
 [17 17 17 18 18 16 17 18 17 18 18 18 18 18 17 17 17 17 18 17 17 17 17 17]
 [17 17 17 17 17 18 17 17 17 17 17 17 17 17 18 18 16 17 18 18 18 17 17 17]
 [17 17 17 17 17 17 17 17 17 17 17 18 17 17 17 17 17 17 17 17 17 17 17 17]
 [16 17 17 18 17 17 18 18 17 17 17 17 17 17 17 18 17 17 17 17 17 17 17 17]
 [17 17 18 17 17 17 17 18 16 17 17 18 17 18 17 17 17 16 17 17 17 17 17 17]
 [17 17 17 17 17 17 17 17 17 17 17 17 17 17 17 17 17 18 18 17 18 17 17 17]
 [17 17 17 18 17 17 17 17 18 17 17 17 17 17 17 18 17 17 17 17 18 17 17 17]
 [17 17 17 17 16 17 17 18 17 17 18 17 17 17 17 17 17 17 17 17 17 17 17 17]
 [17 17 18 18 17 17 17 17 17 17 17 17 17 17 17 18 17 17 17 17 17 17 17 17]
 [17 17 17 17 17 17 17 17 17 17 17 17 17 17 17 17 16 17 17 18 17 17 18 17]
 [17 17 18 18 17 17 17 17 16 17 17 17 17 17 17 17 17 17 17 17 17 17 17 17]
 [17 18 18 17 17 17 18 17 17 17 17 17 17 17 17 17 17 17 17 17 17 17 17 17]
 [17 17 17 17 18 17 17 18 17 17 17 18 17 17 17 17 17 17 17 17 17 17 17 17]
 [17 17 17 17 17 17 17 17 17 17 17 17 17 18 17 17 17 17 17 18 17 17 17 17]
 [17 17 17 18 17 17 17 17 17 17 17 17 17 17 17 17 17 17 17 17 17 17 17 18]
 [17 17 17 17 17 17 17 17 17 17 17 17 17 17 17 17 17 17 17 17 17 17 17 17]
 [17 17 17 17 17 17 18 17 17 17 17 17 17 17 17 17 17 17 17 17 17 17 17 17]
 [17 17 17 17 17 17 17 17 17 17 17 17 17 17 17 18 17 17 18 17 17 17 17 17]
 [17 17 18 17 17 17 17 17 17 17 17 17 17 17 17 17 17 17 17 17 17 17 17 18]
 [17 17 17 18 17 17 17 17 17 17 17 17 17 17 17 17 17 17 17 17 17 17 17 17]
 [17 17 17 17 17 17 17 17 17 17 17 17 17 17 17 18 17 17 17 17 17 17 17 17]
 [17 17 17 17 17 17 17 17 17 17 17 17 17 17 18 17 18 17 18 17 17 17 17 18]
 [17 17 17 17 17 17 17 17 17 17 17 17 17 17 17 17 17 16 17 18 17 17 17 17]
 [17 18 17 17 17 17 17 17 17 17 17 18 17 17 17 17 17 17 17 17 17 17 17 17]
 [17 17 17 17 16 17 17 17 17 18 18 17 17 17 18 17 17 17 17 17 17 17 17 17]
 [17 17 17 17 17 17 17 17 17 17 18 17 17 17 17 17 18 17 17 17 17 18 17 17]
 [17 17 17 17 17 17 17 17 17 17 17 17 17 17 17 17 17 17 17 18 17 17 18 18]
 [18 17 17 17 18 17 17 17 17 17 18 17 17 17 17 18 17 17 18 17 17 17 17 17]
 [17 17 17 18 17 17 18 18 18 17 18 18 17 17 17 17 17 17 17 17 17 17 17 17]
 [17 17 17 17 17 17 17 17 17 17 17 17 17 17 17 17 17 17 17 18 17 17 18 17]
 [17 17 17 17 17 17 17 17 18 17 17 17 17 17 17 17 17 17 17 17 17 17 17 17]]