[[14 14 14 14 15 16 16 16 17 17 17 17 17 17 17 17 16 17 17 17 17 17 17 16]
 [17 17 16 17 17 17 18 17 15 13 14 14 17 16 17 17 17 17 17 17 17 17 17 17]
 [17 16 17 17 17 17 17 17 17 17 16 17 17 17 17 16 14 13 10 14 17 17 17 17]
 [16 17 17 17 17 17 17 17 16 17 17 17 16 17 17 17 16 17 17 17 17 17 16 17]
 [14 12 11 15 16 16 16 17 17 16 17 17 17 17 17 17 17 17 17 17 17 17 17 17]
 [18 17 16 16 17 16 16 17 13 13 15 15 16 17 16 17 17 17 17 17 16 17 17 17]
 [16 17 17 17 17 17 17 17 17 17 17 17 16 17 16 17 13 12 16 16 17 17 17 17]
 [17 17 17 17 17 17 17 17 17 17 17 17 17 17 17 17 17 17 17 17 17 17 17 17]
 [14 16 16 16 16 17 16 17 16 17 17 17 17 17 17 17 17 17 17 17 16 17 17 17]
 [17 17 17 17 16 17 17 17 15 15 16 16 17 16 17 17 17 17 17 17 17 17 17 17]
 [17 17 17 17 17 16 17 17 17 17 17 17 17 16 17 17 15 16 16 16 16 17 17 16]
 [16 17 16 17 17 17 17 17 17 17 17 17 16 17 17 17 17 17 17 16 17 17 17 17]
 [17 15 16 16 17 16 17 17 17 17 17 17 17 17 17 17 17 17 17 17 17 16 17 17]
 [17 17 17 17 17 16 17 17 16 16 16 16 16 16 17 17 16 17 17 17 16 17 17 17]
 [17 17 17 17 17 17 17 17 17 17 17 16 17 17 16 17 16 15 16 16 17 16 17 16]
 [17 16 16 16 17 17 16 17 17 17 17 17 17 17 17 17 16 17 17 17 17 17 17 17]
 [14 15 16 16 16 16 17 17 16 17 17 17 17 17 17 17 16 17 17 17 16 17 17 17]
 [17 17 16 17 16 16 17 17 16 14 16 16 16 16 16 17 17 17 17 17 17 17 17 17]
 [17 17 17 17 17 17 17 17 17 17 16 17 17 16 17 16 16 15 15 15 16 16 16 15]
 [16 16 16 17 16 17 17 17 17 17 17 17 16 17 17 17 16 17 17 16 16 17 17 16]
 [17 16 15 15 16 15 16 16 16 16 16 16 17 16 17 16 17 17 17 17 17 16 17 17]
 [17 17 17 17 17 16 17 17 16 16 16 16 15 16 16 16 16 16 16 16 16 17 16 16]
 [17 17 17 17 16 17 17 17 17 17 17 17 16 17 17 16 16 15 16 16 16 15 16 16]
 [16 16 16 16 16 16 17 16 17 17 17 17 17 17 17 17 17 17 17 17 17 16 17 17]
 [15 17 16 17 16 16 16 16 16 16 16 16 16 16 17 16 16 17 17 16 16 17 17 16]
 [17 17 17 17 16 17 17 16 17 15 16 16 16 16 16 17 16 16 16 16 17 16 16 17]
 [16 16 17 17 17 16 16 17 17 16 17 17 17 16 17 17 18 19 16 16 16 17 16 16]
 [16 16 16 16 16 16 17 16 16 17 17 17 17 16 17 16 16 17 17 17 17 16 17 17]
 [21 19 16 16 16 16 16 17 16 16 16 16 17 16 16 16 17 16 17 17 16 16 17 17]
 [17 16 16 17 16 17 17 17 18 18 17 15 16 16 16 17 16 17 16 16 16 16 16 16]
 [17 17 16 16 16 16 16 17 16 17 16 16 17 17 17 17 18 17 16 17 17 15 16 16]
 [16 16 17 16 16 16 17 17 17 16 16 17 16 16 16 17 16 17 17 17 18 16 17 17]]