[[18 18 16 17 17 17 17 17 17 18 17 17 17 17 17 17 17 17 17 17 17 17 17 17]
 [17 17 17 17 17 17 16 18 19 18 17 17 17 17 18 17 17 17 18 17 18 17 17 17]
 [17 17 18 17 18 17 17 17 17 16 17 17 17 17 17 17 16 17 17 18 17 17 16 17]
 [17 17 17 17 17 17 17 17 17 17 17 17 18 17 17 18 16 17 17 17 17 17 17 17]
 [17 17 17 17 17 17 17 17 17 17 17 17 17 17 17 17 17 17 17 17 17 17 17 17]
 [17 17 17 17 17 17 17 17 17 17 16 17 17 17 16 16 17 17 17 18 17 17 17 17]
 [17 17 17 17 17 17 17 17 17 17 17 17 17 17 17 17 17 17 17 17 17 17 16 15]
 [17 17 17 17 17 17 17 17 17 17 17 17 17 17 17 16 17 17 17 17 17 17 17 17]
 [17 18 17 17 17 16 16 16 16 17 17 17 17 17 17 17 17 17 17 17 17 17 17 17]
 [16 17 17 17 17 17 16 17 17 17 16 16 17 16 16 16 17 16 17 17 17 17 17 16]
 [17 17 17 17 16 17 17 16 17 16 17 17 18 17 17 16 17 17 17 17 17 16 16 16]
 [17 17 16 17 17 17 17 17 17 17 17 17 17 17 17 17 17 17 17 17 17 18 16 17]
 [17 17 17 17 16 16 16 16 17 17 17 17 17 17 17 17 17 17 17 17 17 17 17 16]
 [17 16 17 17 17 17 17 17 16 17 16 17 17 16 15 16 17 17 17 17 17 17 17 17]
 [17 17 17 17 17 17 17 17 17 17 17 17 17 17 17 17 17 17 17 16 16 16 16 15]
 [17 17 17 17 17 17 17 17 17 17 17 17 17 17 17 17 17 17 17 17 17 17 17 17]
 [16 17 16 16 16 15 15 16 16 17 17 17 17 17 17 17 17 17 17 17 17 17 17 17]
 [17 17 17 17 17 17 17 17 16 16 16 16 16 15 16 16 17 17 17 17 17 17 17 17]
 [17 17 17 17 17 17 17 17 17 17 17 17 17 17 17 16 15 16 16 17 15 15 15 16]
 [17 17 17 17 17 17 17 17 17 17 17 17 17 17 17 17 17 17 17 17 17 17 17 17]
 [15 16 17 16 15 15 16 16 17 17 17 17 17 17 17 17 17 17 17 17 17 17 17 17]
 [17 17 17 17 17 17 17 17  9 14 15 16 15 15 15 16 17 17 17 17 17 17 17 17]
 [17 17 17 17 17 17 17 17 17 17 17 17 17 17 17 17 10 12 16 16 16 14 16 15]
 [17 17 17 17 17 17 17 17 17 17 17 17 17 17 17 17 17 17 17 17 17 17 17 17]
 [13 15 16 16 16 16 15 16 16 17 17 17 17 17 17 17 17 17 17 17 17 17 17 17]
 [17 17 17 17 16 16 17 17 16 14 16 15 17 15 16 15 17 17 17 17 17 17 17 17]
 [17 16 17 17 17 17 17 17 17 16 17 16 17 17 16 17 16 17 16 17 16 15 15 16]
 [16 17 17 17 17 17 17 17 17 17 17 17 17 17 17 17 17 17 17 17 17 18 17 18]
 [20 18 16 15 16 16 16 15 17 17 17 17 17 17 17 17 17 17 17 17 17 17 17 17]
 [17 16 17 17 17 17 17 17 21 22 16 16 16 16 15 16 16 17 17 17 17 16 17 17]
 [18 17 17 17 17 17 17 17 17 17 17 17 17 17 17 17 19 20 19 16 16 16 16 16]
 [16 17 17 17 17 17 17 17 17 17 17 17 17 17 17 17 17 17 17 17 17 17 17 17]]