[[17 17 16 17 17 16 16 17 17 16 16 17 16 17 16 17 17 16 16 17 17 16 16 17]
 [16 17 17 16 16 17 17 18 18 17 16 16 17 16 16 17 16 17 16 17 17 17 16 16]
 [17 16 17 16 17 17 17 16 16 17 17 16 17 17 16 17 17 16 16 17 16 17 16 17]
 [17 16 16 17 16 17 16 17 16 16 16 17 17 17 17 17 16 17 17 17 17 17 16 17]
 [16 16 16 17 17 17 16 17 16 16 17 17 17 17 17 17 17 16 17 17 17 16 17 16]
 [16 17 17 17 16 16 17 16 16 16 17 17 16 16 16 17 16 16 17 16 17 16 17 17]
 [17 16 16 17 17 16 17 17 17 17 16 16 17 16 17 17 17 16 16 17 16 17 17 16]
 [16 16 17 17 17 17 16 17 16 17 17 16 17 16 16 16 17 16 17 16 17 16 17 16]
 [17 16 17 17 17 16 16 17 17 17 17 17 17 16 17 17 17 17 16 17 17 17 17 16]
 [17 17 16 16 17 16 17 17 16 17 17 16 17 17 17 16 16 17 17 17 17 17 17 17]
 [17 17 17 16 16 16 16 16 17 17 17 16 17 16 17 16 16 17 17 17 17 17 17 17]
 [16 17 16 17 17 16 16 17 16 17 16 17 16 17 16 17 17 17 17 17 17 16 16 17]
 [17 17 16 17 17 17 17 16 17 17 17 17 16 16 17 17 16 17 17 17 16 16 17 17]
 [17 16 16 16 16 16 17 16 16 16 16 17 16 17 17 17 17 17 16 17 17 16 17 17]
 [17 17 17 17 17 17 16 17 17 17 16 17 17 16 16 16 17 16 17 16 16 17 17 16]
 [16 16 17 16 17 17 17 17 16 17 17 16 16 17 16 16 17 17 17 16 17 17 16 16]
 [17 17 16 17 17 16 17 17 17 16 17 17 17 16 17 17 17 16 17 17 16 17 17 17]
 [17 17 16 17 17 16 16 17 16 17 16 17 17 17 17 16 16 16 17 17 17 16 17 17]
 [17 17 16 17 17 17 16 16 17 17 17 16 17 17 17 17 17 16 16 17 17 17 17 16]
 [17 17 16 16 17 17 16 17 17 16 17 17 17 16 16 17 16 17 17 17 16 16 17 16]
 [16 17 17 17 17 17 17 17 17 17 17 17 17 17 17 16 16 17 17 16 17 17 17 17]
 [17 16 17 16 17 17 17 16 16 17 17 17 17 17 17 17 17 16 16 17 16 17 17 17]
 [17 17 16 17 16 16 17 17 17 17 17 17 17 16 16 16 16 17 17 16 17 17 16 16]
 [16 17 17 17 17 17 17 16 17 16 16 16 16 16 17 16 16 17 17 17 17 17 16 17]
 [16 16 17 17 17 16 17 16 17 17 16 17 17 17 17 17 17 17 16 17 16 17 16 17]
 [17 17 16 17 17 16 17 17 17 16 16 16 17 16 17 16 16 17 17 17 17 17 17 17]
 [17 17 16 17 16 17 17 16 17 17 17 17 17 17 17 16 16 17 16 17 17 17 17 16]
 [17 16 17 17 17 16 16 17 17 17 17 17 17 17 16 17 17 17 17 17 17 17 16 17]
 [16 15 17 16 17 16 16 17 16 17 17 17 16 17 16 17 16 16 17 17 16 17 17 17]
 [16 16 17 17 16 16 16 17 16 17 16 17 17 17 16 17 17 16 17 17 17 17 16 17]
 [17 16 17 16 17 17 17 17 17 17 17 17 17 16 16 17 17 17 17 16 17 17 17 17]
 [17 17 16 16 17 16 17 16 16 17 17 17 16 17 16 17 16 17 17 17 16 17 16 16]]