[[15 15 16 16 15 15 15 15 16 16 15 15 15 15 14 14 14 14 14 15 15 15 16 16]
 [16 16 16 16 16 16 16 16 16 15 16 15 15 15 15 15 15 14 15 14 13 13 13 13]
 [13 13 14 13 15 15 16 16 16 16 16 17 16 16 17 16 16 14 15 15 15 14 14 13]
 [13 13 13 14 13 13 13 14 14 14 14 14 15 15 16 16 16 16 16 16 16 16 16 16]
 [15 15 15 15 13 13 13 12 13 13 13 13 14 14 15 14 14 15 15 15 15 15 16 16]
 [16 16 16 16 16 16 16 17 14 14 14 14 14 13 13 14 14 15 15 15 15 14 15 14]
 [15 15 15 15 15 15 14 15 16 15 16 16 17 16 16 17 14 14 14 14 13 14 14 15]
 [14 15 14 15 14 15 14 15 14 15 15 15 15 15 15 14 15 15 16 16 17 16 16 17]
 [15 14 15 15 15 14 14 15 14 14 14 14 14 14 14 14 15 14 14 15 15 15 15 15]
 [15 14 15 16 16 16 16 16 14 14 14 15 14 14 13 14 14 14 14 14 14 14 14 14]
 [14 14 14 14 15 15 15 15 14 15 14 15 16 16 16 17 14 14 14 13 13 13 12 13]
 [13 13 13 14 14 14 14 15 14 14 14 15 14 14 15 15 15 15 15 14 15 14 15 15]
 [13 13 13 12 13 12 13 13 13 13 14 14 13 13 14 14 14 14 14 14 14 14 14 15]
 [15 15 15 14 14 14 14 15 14 13 13 13 13 12 12 13 13 13 14 14 13 13 14 14]
 [14 14 14 15 14 14 15 15 15 15 15 15 15 14 14 14 13 13 12 13 12 12 12 12]
 [13 13 13 13 13 13 14 14 14 14 14 14 14 14 15 15 14 15 15 15 15 15 15 15]
 [13 12 12 11 11 11 11 11 12 12 13 13 13 13 13 14 14 13 14 14 14 15 14 15]
 [15 15 15 15 15 15 15 15 12 12 11 11 10  9 10 10 11 12 12 12 13 13 13 13]
 [14 14 14 14 14 14 14 15 15 15 15 15 15 15 15 16 12 11  9  8  6  6  6  7]
 [10 10 11 12 12 12 13 14 13 14 14 14 14 14 14 15 15 14 15 15 15 14 15 15]
 [11 10  8  7  5  4  4  5  8  9 11 11 12 12 13 13 13 14 14 14 14 14 15 15]
 [15 15 15 15 15 15 15 16 10  8  6  4  4  3  3  3  5  5  8 10 11 11 12 13]
 [13 13 14 14 14 14 14 14 15 14 15 15 15 15 16 16  9  8  4  5  3  3  2  2]
 [ 4  4  7  8 11 12 12 12 13 13 14 14 14 14 14 15 14 15 15 15 15 15 15 16]
 [10  8  4  4  3  2  2  3  3  3  4  7  9 11 13 12 13 13 14 14 14 15 15 15]
 [15 15 15 14 15 15 16 16 10  9  4  4  3  2  2  2  3  2  4  5  9 11 12 12]
 [13 13 14 14 14 15 14 15 15 14 15 15 15 15 16 16 11  9  6  5  3  2  2  2]
 [ 3  2  4  5  7 10 11 13 13 13 13 13 14 14 15 15 14 15 15 16 15 15 16 17]
 [11  9  7  7  3  3  3  2  3  2  4  4  7  8 12 12 13 13 13 13 14 14 14 15]
 [15 15 15 16 15 15 15 16 11 10 10  8  6  5  4  5  4  5  6  6  8  9 11 13]
 [13 13 13 14 14 14 14 15 15 14 15 15 15 15 16 16 11 11 11 10  8  7  7  6]
 [ 7  7  7  8 10 10 12 12 13 13 13 13 14 14 14 15 15 15 15 16 15 16 15 15]]