[[16 16 17 16 16 16 17 15 16 17 16 16 16 16 16 16 16 17 16 16 16 16 16 16]
 [16 15 16 16 16 16 16 15 17 15 15 17 17 16 16 16 17 15 15 16 16 15 15 16]
 [16 15 15 16 16 16 16 16 16 16 16 16 16 15 16 17 15 16 16 16 16 16 16 16]
 [15 16 15 15 15 15 15 15 15 15 15 15 15 16 15 15 15 15 15 15 16 16 16 16]
 [16 15 16 16 17 15 16 16 15 15 14 15 14 15 14 15 15 15 15 15 16 15 14 15]
 [14 14 14 15 16 15 15 15 16 16 16 16 16 16 15 15 15 15 15 15 15 15 15 15]
 [15 15 15 15 15 15 15 15 14 14 14 13 14 14 15 15 16 16 16 16 16 15 15 15]
 [15 15 15 16 16 15 15 15 15 15 15 15 16 16 15 16 15 15 14 14 15 14 14 15]
 [16 16 16 15 15 16 15 15 14 15 15 15 15 15 15 14 15 15 15 15 15 16 15 16]
 [15 15 15 15 15 15 15 14 16 16 15 16 16 15 15 15 16 15 15 15 15 15 15 15]
 [15 15 15 15 15 15 14 15 15 15 14 15 15 15 14 15 16 15 15 14 15 15 15 15]
 [14 15 15 15 15 15 14 14 14 14 14 14 14 14 14 14 14 14 14 14 14 15 14 14]
 [16 15 14 16 16 15 15 15 15 15 14 15 14 15 15 15 14 14 14 14 14 14 13 13]
 [14 14 13 13 14 14 14 15 14 15 15 15 15 15 15 15 15 15 15 15 15 14 15 14]
 [14 14 14 14 14 14 14 13 13 13 13 13 13 14 14 14 15 16 15 15 15 15 15 14]
 [15 15 14 15 15 15 15 15 15 14 14 14 14 14 13 14 14 13 13 13 14 13 14 14]
 [15 15 15 15 15 15 15 15 14 15 14 14 15 14 14 14 13 14 13 13 13 13 13 13]
 [12 12 12 12 12 13 13 13 15 15 15 15 15 15 15 15 14 14 14 14 14 14 14 14]
 [14 14 13 14 13 13 12 13 12 11 11 11 12 12 12 13 15 15 15 14 15 15 15 15]
 [14 15 14 14 14 14 14 14 14 13 13 13 13 12 12 11  9  9  7  7  9 10 11 12]
 [15 15 14 15 15 14 14 14 14 14 14 15 14 14 14 14 14 13 13 13 12 12 10 10]
 [ 8  6  5  5  8  9 11 11 14 15 15 15 15 15 14 14 14 14 14 14 14 14 14 13]
 [13 13 12 12 11 11  8  7  4  4  3  2  3  7 10 11 15 15 15 15 15 14 14 15]
 [14 14 14 14 14 14 13 13 13 12 11 12 11 10  6  6  4  3  2  2  3  4 10 11]
 [14 15 15 15 15 14 14 14 14 14 14 14 14 14 13 12 12 11 10  9  7  6  5  3]
 [ 2  3  2  1  2  4 10 10 16 15 15 15 14 14 14 13 14 14 13 14 14 13 13 13]
 [12 10  9  8  6  6  4  4  2  1  2  2  3  3 10 11 16 15 15 15 14 14 15 14]
 [14 14 14 14 13 13 13 12 11  9  6  5  4  4  4  3  2  2  1  1  4  6 11 10]
 [16 15 15 15 15 14 14 14 14 14 14 14 13 13 12 12 10  9  5  4  4  3  3  3]
 [ 2  2  1  2  6  7  9 12 14 16 15 14 15 15 14 14 14 14 14 14 13 13 12 12]
 [11 10  6  4  2  3  3  2  3  4  5  6  9 10 12 11 16 16 15 15 15 14 14 15]
 [14 14 14 14 14 13 12 13 11 10  7  6  3  3  3  3  5  6  7  9 11 10 11 11]]