[[ 10  10  10   9   9   7   7  10  12  13  13  15  15  15  15  16  16  16   16  17  16  16  16  17]
 [ 17  17  16  17  16  17  17  18   8  10   8   9   6   6   4   3  12  11   14  14  15  15  15  15]
 [ 16  16  16  16  17  16  16  17  17  17  17  17  17  16  17  16   8   9    7   4  -2 -11 -14   0]
 [  8  13  14  15  14  15  15  15  16  16  16  16  16  16  16  17  16  16   17  17  17  16  17  17]
 [  9   8   4   3 -13 -16  -4  -7  12  11  14  14  15  15  15  15  16  16   16  16  16  16  16  17]
 [ 16  17  17  16  17  17  16  16   9   7   2  -2 -14 -11  -8   8  11  14   14  15  15  15  15  15]
 [ 15  16  16  16  16  16  16  16  16  17  16  16  17  17  16  16   8   8    2   2  -4  -6   7   5]
 [ 13  13  15  14  15  15  15  15  16  16  16  16  16  16  16  16  17  17   16  16  16  17  16  17]
 [  9   8   4   3   0   5   7  12  12  14  14  15  14  15  15  15  15  16   16  16  16  16  16  16]
 [ 17  16  16  17  17  16  17  17   9   8   5   5   6   5  11  10  14  13   15  14  15  15  15  16]
 [ 16  16  16  16  16  16  16  16  16  16  16  16  16  17  16  17  11   9    7   8   8  11  11  12]
 [ 14  14  15  15  15  15  16  16  16  16  16  16  16  16  16  16  16  16   16  16  17  16  16  17]
 [ 11  10   9   8  11  10  12  12  14  14  15  15  15  15  15  16  16  16   16  16  16  16  16  16]
 [ 16  17  16  17  17  17  17  17  11  11  10  11  11  12  12  13  13  14   14  15  15  16  15  16]
 [ 16  16  16  16  16  16  16  16  16  16  17  16  17  16  17  16  12  11   11  11  12  12  13  13]
 [ 14  13  15  15  15  15  16  16  16  16  16  16  16  16  16  16  16  17   16  17  17  16  16  17]
 [ 12  11  11  12  11  11  12  13  13  14  14  15  15  15  16  16  16  16   16  16  16  16  16  16]
 [ 16  16  16  17  16  17  16  16  12  12  11  12  13  12  12  12  14  14   14  15  16  15  15  16]
 [ 16  16  16  16  16  16  16  17  16  17  17  17  16  17  17  16  12  13   11  11  12  12  13  13]
 [ 14  15  15  15  15  16  16  16  16  16  16  16  16  16  16  16  17  16   17  16  16  16  17  16]
 [ 13  13  12  11  12  12  13  14  14  14  14  15  15  16  16  16  16  16   16  16  16  16  16  16]
 [ 17  16  16  16  16  17  17  16  13  13  12  12  12  12  13  14  14  14   15  15  15  15  15  15]
 [ 16  16  16  16  16  16  16  16  17  16  16  16  17  16  16  16  14  13   14  13  13  12  13  13]
 [ 14  14  15  15  16  15  15  16  16  16  16  16  16  16  16  16  16  16   16  17  17  17  16  17]
 [ 14  14  14  13  14  13  13  13  14  14  14  15  15  15  16  16  16  16   16  16  16  16  16  16]
 [ 16  16  17  16  17  16  16  17  16  14  14  14  14  14  14  13  14  14   15  15  15  15  16  16]
 [ 16  16  16  16  16  16  16  16  16  16  16  17  16  16  16  16  17  16   15  15  14  14  14  14]
 [ 14  14  14  15  15  15  15  15  16  16  16  16  16  16  17  17  16  17   16  16  17  16  17  16]
 [ 19  17  14  15  15  15  14  15  15  14  15  15  15  15  15  15  15  16   16  16  16  16  16  16]
 [ 16  17  16  17  17  17  16  17  17  16  15  15  14  14  15  14  15  14   15  15  15  15  15  15]
 [ 16  16  15  16  16  16  16  16  16  16  16  16  16  16  16  16  14  16   14  16  16  15  15  15]
 [ 14  15  15  14  15  15  15  16  16  16  16  16  16  16  16  16  16  16  16  17  16  16  16  16]]