[[15 15 16 15 14 15 15 16 15 16 15 15 15 15 15 15 15 15 15 16 16 15 15 15]
 [15 16 16 16 16 16 17 17 16 15 15 15 14 15 15 16 15 15 15 16 15 16 15 15]
 [16 15 16 16 15 16 15 15 15 16 15 16 16 17 17 17 15 16 15 15 15 14 16 15]
 [15 16 15 15 15 16 15 15 15 15 15 15 15 15 15 15 15 15 16 16 16 16 16 17]
 [15 16 15 15 15 14 16 16 15 15 15 15 15 15 15 15 15 15 15 15 15 15 15 16]
 [15 15 16 16 16 16 15 17 16 15 15 15 15 15 15 15 15 15 16 16 15 16 15 15]
 [15 15 16 16 15 15 15 15 16 16 15 16 16 16 16 15 15 15 14 15 15 15 15 16]
 [16 15 15 16 15 15 15 15 16 15 15 16 15 16 15 15 15 16 15 15 16 16 16 16]
 [16 15 15 16 16 15 15 15 15 15 16 16 16 15 15 15 15 15 15 16 15 15 16 15]
 [15 15 15 16 15 16 16 16 16 15 15 16 16 15 15 16 16 16 15 15 15 15 15 16]
 [16 15 15 16 15 15 15 15 15 15 15 15 15 16 17 17 16 15 15 16 15 16 16 15]
 [16 15 16 16 16 16 15 15 15 15 15 16 16 15 16 16 15 15 15 15 15 16 16 16]
 [15 15 15 15 16 15 16 16 15 15 15 16 15 15 15 15 16 15 15 16 16 15 15 15]
 [16 15 15 16 16 17 16 17 16 15 15 15 16 16 16 16 16 16 15 16 15 15 16 16]
 [16 15 16 16 15 15 15 16 16 16 16 16 16 16 16 17 16 16 15 16 16 16 16 16]
 [16 15 15 16 15 16 15 16 15 15 15 15 15 16 16 16 16 16 15 16 15 16 16 17]
 [15 15 15 16 16 15 16 16 16 16 16 15 15 16 15 16 15 15 16 15 15 16 16 15]
 [15 16 16 15 16 16 17 17 15 15 15 16 16 16 16 16 15 16 16 16 15 15 15 16]
 [16 16 15 16 15 16 16 16 16 16 15 16 16 16 16 17 15 15 15 15 15 15 16 16]
 [16 16 16 15 15 15 16 15 15 15 15 16 15 16 15 16 15 15 16 16 16 16 16 16]
 [16 15 15 16 16 16 16 16 15 16 16 16 16 16 16 16 16 15 15 15 15 15 16 16]
 [15 15 15 15 16 16 16 17 15 15 16 15 15 16 16 16 15 15 16 16 15 16 16 15]
 [16 15 15 16 15 16 16 16 15 16 16 16 16 15 16 16 16 16 16 16 16 15 15 16]
 [16 16 16 16 16 16 15 16 16 15 16 16 15 16 15 15 16 15 15 16 16 16 15 17]
 [19 17 16 15 15 16 16 16 16 16 16 15 16 15 16 15 15 16 16 15 16 15 16 15]
 [16 16 16 16 15 16 16 16 19 19 16 16 16 16 15 16 16 16 16 16 16 16 16 16]
 [15 16 15 16 15 16 16 16 16 15 16 15 16 16 17 17 20 19 16 16 15 15 15 15]
 [16 15 16 16 15 15 15 15 15 16 16 16 15 15 16 16 15 15 16 16 15 15 16 17]
 [20 20 16 16 16 15 16 16 15 16 15 16 15 15 16 16 16 16 15 16 16 15 15 16]
 [16 16 16 15 16 16 16 16 19 19 16 15 15 15 15 15 15 16 15 16 15 16 16 15]
 [15 15 15 15 15 16 16 16 16 16 16 16 16 16 17 16 18 19 15 16 15 15 15 16]
 [15 16 15 16 16 16 16 16 15 16 16 16 16 16 15 15 15 16 15 17 16 16 16 16]]