[[17 17 17 16 16 16 16 16 17 16 16 17 17 16 16 17 16 16 16 16 16 16 16 16]
 [16 15 15 15 15 15 16 16 17 17 16 16 16 17 16 16 17 16 17 16 16 17 16 16]
 [17 17 16 16 16 17 15 16 16 16 14 15 15 16 16 16 16 17 17 16 17 17 17 17]
 [17 16 17 16 16 16 16 16 16 16 17 16 16 16 15 15 15 14 14 15 15 15 16 16]
 [17 16 16 16 17 17 16 17 17 17 16 17 17 17 16 16 16 16 16 16 16 16 15 16]
 [14 14 14 15 15 15 15 16 16 17 16 17 17 17 16 17 17 17 16 17 17 16 16 16]
 [16 16 15 16 16 16 16 15 14 14 13 14 15 15 15 15 17 17 16 17 17 17 16 16]
 [17 17 16 17 16 16 16 16 17 16 16 16 16 16 15 16 14 14 14 15 16 16 16 15]
 [17 16 17 17 17 17 16 16 17 17 17 16 16 16 16 16 16 16 16 15 15 16 15 13]
 [14 14 14 14 16 15 16 15 17 17 16 17 16 16 16 17 17 17 16 17 16 16 16 16]
 [16 16 16 16 15 16 14 14 15 14 14 14 15 15 16 15 16 17 16 16 17 17 16 16]
 [17 17 16 16 16 16 16 15 15 16 16 16 15 14 14 14 15 14 14 13 15 14 14 14]
 [17 17 17 17 17 17 16 17 17 17 16 16 16 16 14 15 15 15 16 16 14 15 14 15]
 [14 15 14 14 14 14 14 14 16 16 17 16 17 16 16 16 17 16 16 16 15 15 15 15]
 [14 15 17 16 15 15 15 15 15 14 14 15 14 15 15 14 17 16 16 16 17 17 16 17]
 [16 16 16 16 15 15 15 15 15 15 17 16 16 15 14 15 14 15 14 14 15 15 14 15]
 [16 17 16 17 17 16 16 16 17 17 16 16 16 16 16 16 16 16 16 16 16 15 14 14]
 [15 14 14 14 15 15 14 15 16 17 17 17 17 16 16 16 16 16 16 16 17 17 17 17]
 [16 16 16 16 15 15 14 15 14 14 14 15 15 15 15 15 16 17 17 16 17 17 16 16]
 [16 16 17 17 17 17 17 16 16 16 16 15 15 15 15 14 14 15 14 15 15 15 15 15]
 [17 17 16 16 17 17 16 17 17 17 17 17 18 18 16 16 16 16 15 15 15 15 14 15]
 [15 15 14 15 15 16 15 16 17 16 16 16 17 17 16 16 17 17 17 17 17 16 15 15]
 [16 15 15 15 15 15 14 14 15 14 15 14 15 15 16 15 17 17 16 17 17 16 16 17]
 [17 17 17 17 16 16 14 15 15 16 15 15 15 15 15 15 14 15 14 15 14 15 15 15]
 [16 17 17 17 16 17 17 17 16 16 16 15 15 15 15 15 15 15 15 14 15 14 14 14]
 [15 15 14 15 15 15 15 15 17 17 16 16 17 17 17 17 16 16 14 16 14 15 14 15]
 [15 15 15 15 15 15 14 14 15 15 15 15 15 15 14 15 16 16 16 16 17 17 16 17]
 [17 16 15 13 14 14 15 15 16 15 15 15 15 15 15 15 15 15 15 14 15 15 15 14]
 [17 17 16 17 17 17 16 17 16 17 13 13 14 14 15 15 15 15 15 15 14 15 14 15]
 [15 15 15 15 15 15 15 15 17 17 17 16 17 17 16 16 17 15 13 12 14 15 15 15]
 [15 15 15 14 15 14 14 15 15 15 15 15 15 15 15 15 16 16 17 17 17 16 16 16]
 [17 16 12 12 14 15 15 15 15 15 14 14 14 15 14 14 15 16 15 16 16 15 15 15]]