[[ 14  14  16  16  15  15  15  14  14  13  12  14  14  15  15  16  16  16   16  16  16  17  16  17]
 [ 17  16  17  16  16  17  16  17  14  15  15  16  15  15  13  14  13  13   12  12  14  13  15  14]
 [ 15  15  16  16  17  16  17  16  17  17  17  17  16  17  16  17  15  15   15  15  14  14  14  13]
 [ 11   7   5   8  10  13  13  14  15  16  16  16  17  16  16  17  16  17   16  16  16  17  16  17]
 [ 15  15  14  15  14  13  12  12   6   7   0   1  11  10  14  13  16  16   16  16  16  16  17  17]
 [ 16  17  17  16  17  17  16  16  15  15  15  15  14  13  12  10   5  -7  -13  -1   3  12  13  15]
 [ 16  16  16  16  16  16  16  16  17  17  16  17  17  16  17  16  15  15   15  15  14  13  11  12]
 [  3   2  -2  -6  11   8  15  15  16  16  16  16  16  16  16  17  17  16   17  17  17  16  17  16]
 [ 15  15  15  15  14  12  12  11   8   5   4  10  11  15  15  16  16  16   16  17  17  17  16  16]
 [ 17  17  17  17  17  17  17  17  15  15  15  15  13  13  12  12   9   8   10   8  15  14  16  16]
 [ 16  16  16  16  16  16  16  16  17  17  17  17  17  17  17  16  15  15   15  15  14  14  13  12]
 [ 11  12  12  14  14  16  16  16  16  16  16  17  16  17  17  17  16  17   16  17  16  17  17  16]
 [ 16  15  15  14  15  14  13  12  13  12  14  13  15  15  16  16  16  16   16  16  16  16  17  16]
 [ 17  16  17  16  16  16  17  17  16  16  15  16  16  15  14  14  14  15   14  15  15  16  16  16]
 [ 16  16  16  16  16  16  16  17  16  16  17  17  16  17  17  17  16  16   15  15  16  15  15  14]
 [ 15  15  15  15  16  15  16  16  16  16  16  16  17  16  17  17  17  16   17  17  16  16  17  17]
 [ 16  15  15  16  16  15  15  16  15  16  16  16  16  16  16  16  16  16   16  17  17  17  16  17]
 [ 16  17  16  17  17  17  16  17  16  16  16  15  15  15  16  16  16  16   16  16  16  16  16  16]
 [ 16  16  16  16  17  16  17  16  17  16  17  16  16  16  16  16  17  16   16  15  15  15  16  16]
 [ 16  16  16  16  16  16  16  16  16  16  16  16  17  17  16  17  17  16   16  17  16  17  17  17]
 [ 16  17  16  16  16  15  16  16  16  16  16  16  16  16  17  17  17  16   16  16  17  16  17  17]
 [ 17  17  17  17  17  17  16  17  16  15  15  17  15  15  15  16  16  16  16  16  16  16  16  17]
 [ 17  16  16  17  16  16  16  17  17  16  17  17  16  16  16  17  16  16   16  16  16  16  15  15]
 [ 16  15  16  16  16  16  16  16  17  16  16  16  17  16  17  16  17  16   17  17  17  16  17  17]
 [ 16  16  16  17  17  16  16  16  15  16  16  16  16  16  16  16  16  16   16  17  16  16  17  16]
 [ 16  17  16  17  16  17  17  16  16  16  16  16  16  16  16  16  15  15   16  16  16  16  16  16]
 [ 16  16  17  17  17  16  17  16  16  16  17  16  16  17  17  17  17  17   16  17  16  16  16  16]
 [ 16  16  16  16  16  16  16  17  16  16  17  17  16  17  16  16  17  16   17  17  17  17  16  17]
 [ 19  16  16  16  16  16  16  16  17  16  16  16  16  15  16  16  16  16   17  16  16  17  17  17]
 [ 16  16  16  16  17  17  16  17  16  18  16  17  16  17  16  16  16  16   17  16  16  16  16  16]
 [ 16  16  16  16  17  17  16  17  16  17  17  17  17  16  16  17  17  16   16  16  16  16  17  15]
 [ 16  16  17  16  16  16  16  16  16  16  16  16  16  16  17  17  16  16   16  17  16  17  16  16]]