[[17 17 16 17 16 16 17 16 17 16 17 16 17 17 16 16 17 16 16 17 16 17 17 16]
 [16 16 16 17 16 17 16 17 17 16 16 17 16 17 16 17 17 16 16 17 17 17 17 17]
 [17 17 16 17 17 17 16 17 17 17 16 17 17 16 16 16 16 17 16 16 17 17 17 17]
 [17 16 16 16 16 17 17 17 17 17 16 17 16 16 17 16 16 17 17 17 17 17 17 16]
 [16 16 17 17 17 17 16 17 16 16 17 17 17 17 17 17 17 17 17 17 17 16 16 17]
 [16 16 17 17 17 16 16 16 16 15 17 16 16 17 16 16 17 17 16 17 17 17 17 17]
 [17 16 16 16 16 17 16 17 17 16 17 16 17 16 17 16 17 16 17 17 17 17 16 17]
 [17 17 16 17 17 17 17 17 17 16 16 17 17 17 17 17 17 16 17 17 17 16 16 16]
 [16 17 17 16 16 16 17 16 16 17 17 16 17 17 17 17 17 17 16 17 17 17 16 17]
 [17 17 17 16 16 17 17 16 17 17 17 17 17 17 17 17 16 17 17 17 16 17 17 17]
 [17 16 16 17 16 17 17 17 17 16 17 17 17 17 16 17 17 17 17 16 16 17 17 16]
 [16 17 17 17 16 17 17 17 17 17 17 16 17 17 16 16 17 17 16 17 17 17 16 17]
 [17 16 16 16 17 17 17 16 16 17 16 17 17 17 17 17 17 17 16 17 17 17 16 16]
 [17 16 16 16 17 17 16 17 16 16 17 17 17 16 17 17 17 17 17 16 16 17 17 17]
 [17 17 17 17 17 17 17 16 17 17 17 16 16 17 17 17 16 17 16 17 16 17 17 16]
 [17 17 17 17 17 16 16 17 17 17 16 17 17 16 17 16 17 17 17 17 17 17 16 17]
 [17 17 17 17 17 16 17 17 17 17 17 17 17 17 17 17 17 17 17 17 16 17 17 17]
 [17 16 17 16 17 17 17 16 17 17 16 17 17 17 17 17 16 17 17 17 17 17 17 17]
 [17 16 16 17 17 17 16 17 17 17 16 17 16 16 16 17 16 17 17 17 17 17 17 16]
 [17 17 17 17 17 16 17 17 17 17 17 16 17 17 17 17 17 17 17 16 17 17 17 17]
 [17 16 17 17 17 16 17 17 17 17 17 17 17 16 17 17 16 17 17 17 17 17 17 16]
 [17 16 16 17 16 17 17 17 16 16 17 17 16 17 17 17 17 16 16 17 17 17 16 16]
 [16 17 17 17 16 16 17 17 17 17 17 16 17 17 17 16 17 17 17 17 17 16 17 17]
 [17 17 16 17 16 17 17 17 16 16 16 17 17 17 16 17 17 17 16 17 16 16 16 17]
 [17 17 17 17 17 17 17 16 17 17 16 17 17 17 17 16 16 16 16 17 17 17 17 17]
 [16 16 17 17 17 17 17 16 17 16 16 17 17 17 17 17 17 17 16 17 17 17 17 17]
 [16 16 16 16 17 17 17 17 17 17 17 17 17 17 17 17 19 19 17 17 17 16 17 17]
 [17 17 17 17 17 16 17 17 16 16 17 16 17 17 17 17 16 17 17 17 17 17 17 17]
 [21 20 17 17 17 16 16 17 17 16 17 16 17 17 16 17 16 17 17 17 17 16 17 17]
 [16 16 16 17 17 16 16 18 18 19 17 16 17 16 17 17 17 17 17 17 17 17 16 16]
 [16 17 16 16 16 17 16 17 17 16 17 17 17 17 17 16 18 17 16 17 17 16 16 17]
 [16 17 17 17 17 17 16 17 17 16 17 17 16 17 16 17 17 16 16 17 17 16 18 18]]