[[16 16 16 15 15 15 16 15 16 15 15 15 15 15 15 15 16 16 16 16 16 16 16 16]
 [17 16 16 17 17 16 16 16 15 16 16 15 15 16 16 15 15 15 14 14 14 14 15 15]
 [16 16 16 16 16 16 16 16 16 17 16 17 17 17 15 17 15 15 15 15 15 14 14 13]
 [14 13 14 14 15 14 15 15 16 16 15 16 16 16 16 16 16 16 16 16 17 17 16 16]
 [15 16 14 15 14 13 14 13 14 14 15 15 15 15 15 15 15 15 16 16 16 16 16 16]
 [16 17 17 16 16 17 16 16 14 15 12 13 14 14 14 15 15 15 15 15 15 15 15 15]
 [15 14 14 15 15 16 16 16 17 16 16 17 16 16 16 16 14 14 13 14 14 15 15 15]
 [15 15 14 15 15 15 14 15 15 15 14 14 14 15 16 16 16 16 16 17 17 17 16 17]
 [15 15 14 15 15 14 14 15 15 14 14 15 15 15 15 15 15 15 15 15 14 14 14 15]
 [16 16 16 16 16 16 16 17 15 15 13 15 14 15 14 15 15 14 14 14 14 15 15 15]
 [15 15 15 15 14 15 14 14 15 15 16 16 16 16 17 17 15 14 13 13 14 14 14 14]
 [15 14 14 14 14 14 14 15 15 15 15 15 15 15 15 14 14 14 14 14 15 15 16 16]
 [13 14 14 13 13 14 14 14 14 14 14 14 14 14 15 14 14 15 15 15 15 15 14 14]
 [14 14 14 14 14 15 16 16 13 13 13 13 14 13 14 13 14 14 14 14 14 14 15 15]
 [15 14 15 15 15 15 15 15 15 14 14 15 15 14 15 16 13 13 12 13 13 13 13 13]
 [14 14 14 14 14 14 14 15 15 15 15 15 15 15 15 15 15 15 15 15 15 15 15 16]
 [11 11 11 12 13 12 13 13 14 14 14 13 15 14 14 15 15 14 15 15 15 15 15 15]
 [15 15 15 15 15 15 15 16 10 10 10 11 12 12 13 13 13 14 14 14 14 14 14 14]
 [14 15 15 15 14 15 15 15 15 15 15 15 15 16 15 16  8  6  6  7 11 11 12 13]
 [14 13 14 14 14 14 15 15 15 15 15 15 15 15 15 15 15 15 15 16 15 15 16 16]
 [ 7  6  5  5 10 10 12 12 13 14 14 14 14 14 15 15 15 15 15 15 15 15 15 15]
 [15 15 15 15 15 16 16 16  5  4  4  5  6  7 11 11 13 13 13 13 14 14 14 14]
 [15 15 15 15 15 14 15 15 15 15 15 15 15 16 16 16  6  6  4  4  6  6 11 12]
 [12 13 14 14 14 14 14 14 15 15 14 15 15 15 15 15 15 15 15 15 15 16 16 17]
 [ 7  4  3  3  5  5  8 10 12 13 13 14 14 14 14 14 15 14 15 15 15 15 15 15]
 [15 15 15 15 16 16 16 16  8  5  4  4  4  5  8  9 12 13 13 14 14 14 15 14]
 [14 15 15 15 14 15 15 15 15 15 15 15 15 16 16 17 10  7  4  4  5  5  7  8]
 [12 12 13 13 13 13 14 14 15 14 14 15 15 15 15 15 15 15 15 15 16 16 17 17]
 [ 9 10  6  6  6  6  8  8 12 12 14 14 13 13 14 14 15 15 15 15 15 15 15 15]
 [15 15 15 15 17 16 16 16 12 11 10 10  9  9  9 10 11 12 13 14 13 13 14 14]
 [15 14 14 14 15 15 15 15 16 15 15 16 16 16 17 16 11 12 12 11 10 11 11 11]
 [12 13 13 14 13 14 14 14 14 15 15 15 14 15 15 15 15 15 15 16 16 17 17 17]]