[[13 13 13 13 13 13 12 12 13 13 14 13 14 13 13 13 14 14 13 13 14 14 14 14]
 [14 14 13 14 14 14 15 15 13 14 12 14 12 14 13 12 12 13 13 13 13 13 14 14]
 [13 14 13 13 13 14 14 14 14 14 14 13 14 15 14 16 13 14 13 12 13 13 13 12]
 [11 12 13 14 13 13 13 13 14 14 14 14 14 14 13 14 14 14 14 13 14 14 15 15]
 [13 13 12 12 12 13 13 13 10 11 13 13 13 14 14 13 14 14 14 14 14 14 14 14]
 [14 15 14 14 13 14 14 15 13 12 12 12 12 12 12 12 11 11 13 13 13 13 13 13]
 [13 13 14 13 14 14 14 14 14 14 14 14 13 14 15 15 12 12 11 11 11 11 11 12]
 [11 11 13 13 13 13 13 13 13 14 14 14 13 14 14 14 14 14 14 14 13 14 15 15]
 [11  9 10 10  9  9 11 11 12 12 12 13 13 13 13 13 14 13 13 13 14 14 14 14]
 [14 14 14 14 14 13 14 14 10 10  9  9  7  6 10 10 11 11 12 13 12 13 13 13]
 [13 13 12 13 14 14 14 14 14 14 14 14 14 14 14 15 10  7  6  6  6  6  8  9]
 [11 11 12 12 13 12 13 13 13 13 13 13 13 13 14 14 14 13 14 14 14 13 14 14]
 [ 8  8  6  6  5  5  8  8 10 11 12 12 12 13 13 13 13 13 13 13 13 13 13 13]
 [14 14 14 14 14 14 14 15  9  7  5  5  4  4  6  7  9 10 11 11 12 12 13 13]
 [13 13 14 13 14 13 14 14 14 14 14 14 14 15 15 15  8  8  5  5  4  4  6  7]
 [10 10 11 11 12 13 13 13 13 13 13 14 13 14 14 14 14 14 14 14 14 14 14 15]
 [ 9  8  7  6  6  6  6  7  9  9 10 11 12 12 13 13 13 13 13 13 14 14 14 14]
 [14 13 14 14 14 14 13 14  9  9  8  7  6  6  8  8  9 10 10 10 11 12 13 13]
 [13 14 13 13 13 14 13 14 14 14 14 14 14 14 14 15 10  9  9  8  8  8  8  8]
 [ 9  9  9 10 12 12 13 13 13 13 13 13 14 14 14 14 14 14 14 14 14 14 14 15]
 [ 9 10 10  9  9 10  9 10  9  9 10 10 11 12 13 13 13 13 14 14 13 14 14 14]
 [14 14 14 15 14 14 15 15 11 10  9  9 10 10 11 10 10  9  8  9 12 12 13 13]
 [13 13 14 14 14 14 13 14 14 14 14 14 14 13 15 14 10 11  9  9  9 10 10 10]
 [10 10  9 10 11 12 13 13 13 13 13 14 13 14 14 14 14 14 15 14 14 14 14 15]
 [12 11  8 10 10 10 11 10 11 10 10 10 12 12 13 13 14 13 14 13 14 14 14 14]
 [14 14 14 14 14 14 15 15 12 12 10 10 10 11 11 11 11 11 10 11 12 12 13 13]
 [13 14 14 14 14 14 14 14 14 14 14 14 14 15 15 16 15 13 12 11 11 10 11 11]
 [12 11 11 11 13 13 13 13 13 13 14 14 14 14 14 14 14 13 14 14 15 14 15 15]
 [13 13 12 12 10 11 11 12 11 12 11 12 13 13 13 13 13 14 14 13 13 14 14 14]
 [14 14 14 15 15 15 14 16 14 12 13 13 12 11 10 11 10 11 12 13 13 13 13 13]
 [14 14 14 14 14 14 14 14 15 14 14 15 14 14 15 15 12 13 13 13 12 12 11 12]
 [11 12 12 12 13 13 14 14 13 14 14 14 14 14 14 15 14 14 14 14 14 15 15 15]]