[[13 13 13 13 14 13 14 13 13 13 14 14 14 14 14 14 14 13 12 12 14 14 14 14]
 [15 14 15 15 15 15 16 15 13 14 13 14 12 13 14 14 13 14 13 14 13 14 13 14]
 [13 14 12 11 14 14 14 14 14 15 15 15 15 15 15 16 14 13 13 11 12 13 14 13]
 [13 14 13 14 14 14 14 13 14 14 13 12 12 14 15 14 14 14 15 15 15 15 15 15]
 [13 13 13 13 13 13 13 13 13 14 14 14 14 14 14 13 13 14 12 12 12 13 14 14]
 [14 14 15 15 15 15 16 15 12 12 12 12 13 12 13 13 13 13 13 14 13 13 13 13]
 [14 14 14 13 12 13 14 15 14 14 14 15 15 15 15 15 12 12 12 13 12 12 12 13]
 [13 13 13 14 13 14 13 13 13 14 14 14 13 13 14 15 14 14 14 15 15 16 15 16]
 [10 10 12 12 12 11 12 13 14 13 13 13 14 13 14 13 14 14 14 13 13 13 14 14]
 [14 13 14 15 15 15 16 15 10 10 11 11 12 12 13 13 13 13 13 13 13 14 14 13]
 [14 14 14 14 12 13 15 15 14 14 14 14 15 16 15 15  7  7  9 11 13 13 13 12]
 [13 13 13 13 14 14 14 14 14 14 14 14 13 13 13 14 15 14 14 14 15 15 15 15]
 [ 6  6  9 10 12 13 13 13 13 13 13 13 14 14 13 14 14 14 14 14 12 13 14 14]
 [14 14 14 14 15 15 15 16  8  9 10 11 12 13 13 13 13 13 13 13 13 13 14 14]
 [14 14 14 14 13 12 13 14 14 13 14 14 15 15 15 15  8  9 10 11 12 13 12 13]
 [13 14 13 13 14 13 13 14 13 14 14 14 13 13 14 14 14 14 14 14 15 15 14 16]
 [10 10 11 12 13 13 13 13 13 14 13 13 14 14 14 14 14 14 14 14 14 13 14 15]
 [15 14 14 15 15 15 16 15 10 10 12 12 12 12 13 14 13 14 14 14 14 14 13 14]
 [14 14 14 14 13 13 15 15 14 14 14 14 15 15 15 15 10 10 11 12 13 13 14 13]
 [14 14 14 14 14 14 14 14 13 14 14 14 14 14 15 15 15 14 14 15 15 14 15 15]
 [11 12 12 12 13 13 14 14 13 14 14 14 14 14 13 14 14 14 14 14 13 14 15 15]
 [14 15 14 15 15 15 15 15 12 11 12 12 13 13 13 13 14 13 14 14 14 13 14 13]
 [14 14 14 13 13 14 15 15 15 14 15 15 15 15 15 15 12 12 12 13 14 13 13 13]
 [14 14 14 14 14 14 14 14 14 14 13 14 14 14 15 15 14 15 15 14 15 16 15 16]
 [13 12 12 14 14 13 13 13 13 13 14 13 14 14 14 14 14 14 14 13 14 15 15 15]
 [14 14 15 15 15 15 15 15 13 13 12 13 14 12 13 13 14 14 14 14 14 14 14 14]
 [14 14 13 13 14 14 15 15 14 15 15 15 15 15 16 16 13 12 13 14 14 13 14 14]
 [13 14 14 14 14 14 14 13 14 14 13 13 14 15 14 15 15 15 15 15 15 15 15 15]
 [14 13 13 13 13 14 13 14 14 14 14 14 14 14 14 14 14 14 14 14 14 15 14 15]
 [15 15 14 15 15 15 15 15 13 14 13 12 14 13 14 14 14 13 14 13 14 14 14 14]
 [14 14 14 14 15 14 15 14 15 15 14 15 15 15 15 15 14 14 14 14 13 14 14 14]
 [13 14 13 14 13 14 14 14 14 14 14 14 14 15 15 15 15 15 15 15 15 15 15 15]]