[[ 18  18  17  18  17  17  17  17  17  17  17  16  17  17  16  17  17  17   16  17  17  17  15  15]
 [ 16  16  15  15  14  15  16  16  17  18  17  17  17  16  17  17  17  17   17  17  16  17  17  17]
 [ 16  17  16  16  15  16  16  16  15  15  16  16  14  15  16  15  18  16   16  17  17  17  16  17]
 [ 16  16  17  17  17  16  16  16  17  16  16  16  16  15  15  15  15  15   15  15  14  14  14  14]
 [ 17  17  17  17  17  17  16  16  16  16  17  17  17  17  16  17  16  16   16  16  15  15  15  15]
 [ 14  15  14  14  13  13  14  15  17  17  17  17  17  16  16  17  16  16   16  16  16  16  16  16]
 [ 16  16  16  15  15  14  13  14  14  13  13  12  12  12  14  14  16  18   17  17  17  17  16  17]
 [ 16  16  16  16  16  16  16  16  16  16  15  16  14  14  14  14  12  13   10  11  12  12  13  15]
 [ 18  17  18  16  17  16  17  16  16  17  16  16  16  16  16  16  16  15   15  15  14  14  13  13]
 [ 10   3   1   4  10  11  12  14  17  17  17  17  17  17  16  17  16  17   16  16  15  15  15  16]
 [ 16  16  15  16  14  14  13  12   6   3  -5   0   7   9  12  13  18  17   17  17  16  16  16  17]
 [ 16  17  16  16  16  15  16  15  16  16  15  15  15  13  12  11   7  -2  -16 -10   0   7  11  13]
 [ 17  17  17  17  17  17  17  16  16  17  16  16  15  15  15  16  15  16   15  15  13  14  12  11]
 [  6   2 -16 -18   1   4  12  13  17  16  17  17  17  17  16  16  16  16   16  16  16  15  15  15]
 [ 15  15  15  15  14  13  12  12  10   6  -5  -4   3   9  12  13  17  17   17  16  16  17  16  16]
 [ 16  17  16  17  16  16  15  15  15  15  15  15  14  14  12  13   9   8    1   0   8   9  13  14]
 [ 17  17  17  17  17  17  16  16  16  16  16  16  16  16  16  15  15  15   15  15  15  14  13  12]
 [ 11   9   7   9  11  13  14  14  16  17  16  17  17  17  16  16  16  16   16  16  16  16  16  16]
 [ 15  15  15  15  15  15  13  13  11  11  10  11  13  13  14  14  17  17   17  17  17  17  17  16]
 [ 16  16  16  16  16  16  16  15  15  15  15  15  15  15  14  13  12  12   12  14  14  14  15  15]
 [ 18  18  17  17  17  17  16  17  16  16  16  16  16  16  16  16  15  15   15  15  15  15  14  14]
 [ 13  13  14  14  14  15  16  15  17  17  17  17  17  17  16  16  16  16   16  16  16  16  15  16]
 [ 16  15  15  15  15  15  15  15  15  15  15  15  15  15  16  16  17  17   17  17  17  17  17  16]
 [ 16  16  16  17  16  16  16  15  15  15  15  15  15  15  15  16  15  15   15  15  15  15  15  16]
 [ 17  17  17  17  17  17  17  16  17  16  16  16  16  16  16  15  15  15   16  15  15  14  15  15]
 [ 15  15  15  15  15  15  16  16  17  17  17  17  17  17  16  17  17  17   16  16  16  16  16  16]
 [ 15  16  16  16  15  14  15  15  15  15  15  15  15  16  16  16  19  17   17  17  17  17  17  17]
 [ 17  16  16  16  16  16  15  16  16  16  16  16  16  15  15  15  15  15   15  16  16  16  16  16]
 [ 20  18  17  17  17  17  17  17  17  17  16  16  16  16  16  16  16  16   16  16  15  15  15  15]
 [ 15  15  15  15  16  16  16  17  18  17  16  18  17  17  17  17  16  17   17  16  16  15  16  16]
 [ 16  16  16  16  16  16  15  15  15  15  15  15  16  16  16  16  17  18   18  17  17  17  17  17]
 [ 17  17  16  17  16  17  16  16  16  16  16  16  16  16  15  16  15  16   15  16  16  16  16  16]]