[[17 17 18 17 16 17 17 17 17 17 16 17 17 17 17 17 17 17 16 16 17 16 17 17]
 [17 17 17 17 17 17 17 17 17 18 17 17 17 17 16 17 17 16 17 17 17 16 17 17]
 [17 16 17 16 16 17 16 17 17 16 16 17 16 16 18 17 17 17 17 17 17 17 17 17]
 [17 16 17 17 17 17 17 17 16 17 17 17 16 17 16 17 16 17 17 17 17 17 16 17]
 [16 16 17 17 17 16 17 17 17 17 17 17 17 17 17 17 16 16 17 17 16 17 17 17]
 [16 16 17 17 16 17 16 16 16 16 17 17 17 17 17 17 17 17 16 17 17 17 17 17]
 [17 16 16 17 16 16 16 17 17 16 17 17 17 16 16 17 16 16 17 17 17 17 17 17]
 [17 17 17 17 17 17 17 17 17 16 17 17 17 16 17 17 17 17 16 17 16 16 16 17]
 [17 17 17 17 17 17 17 17 17 17 17 16 16 17 17 17 17 17 17 17 17 17 17 17]
 [17 16 16 16 16 17 17 17 17 17 17 17 17 16 17 17 17 17 16 16 17 17 17 16]
 [17 16 17 17 17 16 17 17 16 16 17 16 17 16 16 17 17 17 18 17 17 17 17 17]
 [17 17 17 17 17 17 16 17 16 17 16 17 16 17 16 17 16 16 16 17 16 16 16 16]
 [17 17 17 17 17 17 17 17 17 17 17 17 16 16 17 17 17 16 17 17 17 17 17 17]
 [17 16 17 16 16 16 16 16 17 17 17 17 17 17 17 17 17 17 17 17 17 17 17 17]
 [16 17 17 17 17 16 16 16 16 16 16 17 16 16 16 16 17 16 18 17 16 17 17 16]
 [17 16 17 17 17 17 17 17 16 16 16 17 16 16 16 16 16 16 17 16 17 16 17 16]
 [17 16 17 17 16 16 17 17 17 17 17 17 16 16 16 17 17 17 17 17 16 17 16 16]
 [16 16 16 16 16 16 16 16 17 17 17 17 17 17 17 17 17 17 17 17 17 16 16 16]
 [17 17 17 17 17 17 16 17 16 16 16 16 15 16 16 16 17 16 17 17 17 17 17 17]
 [16 17 16 17 17 17 16 17 16 16 17 16 16 16 17 16 16 16 16 16 16 16 16 16]
 [16 17 18 17 17 16 17 17 17 17 17 17 17 17 17 17 16 16 16 16 16 16 17 16]
 [17 16 15 16 16 16 15 16 17 17 17 17 17 17 17 17 16 17 17 17 17 17 17 17]
 [17 16 16 16 17 16 16 16 16 16 16 16 15 15 15 16 17 16 17 17 17 16 17 17]
 [17 16 17 16 16 17 17 17 16 16 16 17 16 16 16 16 16 16 16 16 15 15 16 16]
 [17 17 17 17 16 16 17 17 17 17 16 17 17 16 16 16 16 15 16 16 16 15 16 17]
 [16 16 16 15 15 14 15 16 16 17 17 17 17 17 17 17 17 16 16 17 16 16 15 15]
 [15 15 15 15 14 15 16 16 15 16 16 15 14 13 16 15 18 17 17 18 17 17 17 17]
 [17 16 16 16 16 15 16 15 15 14 14 13 13 14 15 15 15 15 15 14 13 15 15 16]
 [16 16 17 17 17 17 17 17 16 16 17 16 15 16 14 14 14 14 12 13 13 13 16 16]
 [15 14 13 13 14 14 16 16 17 17 17 17 17 16 16 16 16 15 16 15 15 14 14 14]
 [13 13 11 10 11 14 14 14 14 14 12 12 14 15 15 16 16 17 18 17 17 16 17 17]
 [15 16 15 16 13 14 13 13 14 13 10 10 12 11 14 15 14 13 12 12 15 14 15 15]]