[[16 16 16 16 16 16 16 16 17 17 16 16 17 17 16 16 17 17 17 16 17 17 17 17]
 [17 17 17 17 17 17 17 16 15 17 16 16 15 16 16 16 16 16 16 17 17 17 16 17]
 [16 17 17 16 17 17 17 16 17 18 16 17 16 17 16 17 16 16 16 15 15 15 15 15]
 [16 16 16 16 17 17 16 16 17 17 17 17 16 17 16 17 17 17 17 17 18 16 16 17]
 [16 15 15 15 14 14 15 14 15 16 16 16 17 17 17 17 16 17 17 17 17 16 16 16]
 [17 17 16 17 16 17 17 17 15 15 14 14 15 15 15 15 15 15 15 15 15 16 16 16]
 [16 16 17 16 17 16 17 16 17 17 16 16 17 17 16 17 14 13 14 15 15 15 15 15]
 [15 16 15 15 15 15 16 16 16 16 16 16 16 16 16 17 16 17 17 17 16 17 16 17]
 [15 15 15 15 15 14 15 15 15 15 15 15 15 14 14 15 15 15 15 15 16 16 16 15]
 [16 16 16 16 17 17 16 17 15 15 14 15 15 15 15 15 15 15 15 15 15 15 14 14]
 [15 14 15 15 15 15 15 15 15 16 17 16 17 17 17 17 16 14 15 14 15 15 14 15]
 [15 15 15 16 15 15 15 15 14 15 14 14 14 14 15 14 15 16 16 17 17 16 17 17]
 [14 14 14 15 15 15 15 15 15 16 15 15 15 16 15 15 15 15 14 14 14 14 14 14]
 [15 15 16 16 17 17 16 17 15 14 14 15 14 15 15 15 15 15 15 15 15 15 15 15]
 [15 15 15 15 15 15 15 14 14 14 16 16 16 17 17 16 14 14 14 14 15 15 14 15]
 [15 15 15 15 15 16 15 15 15 16 15 15 15 15 15 15 14 15 16 16 16 17 17 17]
 [13 13 14 14 15 14 15 15 15 15 15 15 15 15 15 15 15 15 15 15 16 15 15 15]
 [15 15 16 16 17 17 16 16 12 13 14 14 14 14 14 14 15 15 15 15 15 15 15 15]
 [15 15 15 15 15 15 15 15 15 15 16 16 16 17 17 17 10 12 13 14 15 15 15 15]
 [15 15 15 15 15 15 15 15 15 15 15 15 15 15 15 15 15 14 15 16 17 17 17 17]
 [ 9 10 13 13 15 15 15 15 15 15 15 15 15 16 15 15 15 15 15 16 15 15 15 15]
 [15 16 16 17 17 17 17 17  7  8 12 14 14 14 14 15 15 15 16 15 15 15 15 15]
 [15 15 15 15 15 15 15 15 16 16 16 17 17 17 17 17  7  7 12 13 14 14 15 15]
 [15 15 15 15 15 15 15 15 15 15 15 15 15 16 15 15 16 16 16 16 16 17 16 17]
 [10  8 10 12 14 15 15 15 15 15 15 15 15 15 15 15 15 15 15 15 15 15 16 15]
 [16 16 17 17 17 17 17 17 10  8 10 11 14 15 14 15 15 15 15 14 15 15 15 15]
 [15 15 15 15 15 15 15 16 16 17 17 17 17 16 16 17 13 12 11 12 14 14 14 15]
 [15 15 14 15 15 15 15 15 16 15 15 16 15 15 16 16 16 16 16 17 17 18 18 16]
 [12 12 13 13 14 14 14 14 15 15 15 15 15 15 15 15 15 15 15 15 15 15 15 16]
 [16 16 17 17 17 17 16 18 14 14 13 13 14 14 14 15 15 15 15 15 15 15 15 15]
 [16 15 15 15 15 15 15 16 17 17 16 17 17 17 17 17 14 14 14 14 14 15 14 15]
 [15 15 15 15 15 16 15 15 15 15 15 15 15 15 16 16 17 16 17 17 17 18 17 17]]