[[17 17 17 16 17 17 17 16 17 17 17 17 17 17 16 17 17 17 17 16 17 17 16 16]
 [17 17 17 16 16 17 17 16 17 17 16 16 16 17 17 17 17 17 17 17 17 17 17 17]
 [17 17 17 17 17 17 17 17 17 17 16 17 17 17 17 17 16 16 16 17 17 17 17 16]
 [17 17 17 17 17 17 17 16 17 17 17 17 16 17 17 17 17 17 16 16 17 17 17 16]
 [16 16 16 17 17 17 17 17 17 17 17 17 16 17 16 16 17 17 16 17 17 16 17 17]
 [17 17 16 17 17 17 16 17 16 16 16 16 17 17 16 17 17 17 17 17 17 17 17 16]
 [17 16 17 16 16 17 16 16 16 17 16 16 17 17 17 16 16 16 15 17 17 17 17 17]
 [17 17 17 17 17 17 17 17 17 17 16 17 17 17 17 17 17 17 17 17 17 16 17 17]
 [17 16 16 16 17 16 17 17 17 17 17 16 17 16 17 16 17 17 17 16 17 17 16 16]
 [17 16 16 17 17 17 16 17 16 16 16 16 17 17 17 16 17 17 16 17 17 17 17 17]
 [17 17 16 17 16 17 17 17 16 17 17 17 17 17 17 17 17 16 17 16 17 16 16 17]
 [17 17 17 17 16 16 17 17 17 17 16 16 17 17 16 17 17 17 17 17 17 17 17 17]
 [16 17 16 17 17 17 16 17 17 16 16 17 17 17 17 17 16 17 17 17 17 17 16 17]
 [17 17 17 17 16 17 16 17 16 16 16 16 16 16 17 16 17 17 17 16 17 17 17 16]
 [17 17 17 16 17 16 17 16 17 17 16 16 17 16 17 17 16 17 16 16 17 17 16 17]
 [17 17 16 16 17 17 16 17 17 17 17 17 16 17 17 17 16 17 17 17 17 17 17 17]
 [16 17 16 16 17 16 17 17 17 16 16 16 16 17 16 17 17 17 17 17 17 17 16 17]
 [17 17 17 17 16 16 17 17 16 16 16 17 17 17 17 17 17 17 16 17 17 16 17 16]
 [17 17 17 17 17 17 17 17 17 17 16 17 16 17 17 17 17 16 17 17 17 16 16 16]
 [17 16 17 16 17 16 17 17 17 17 16 16 17 16 16 17 17 16 17 17 17 17 17 16]
 [17 17 17 17 17 17 16 17 16 17 16 17 17 17 17 17 17 17 17 17 17 16 16 17]
 [17 17 17 17 16 17 16 17 17 17 16 16 17 17 16 16 17 16 17 16 16 17 16 16]
 [17 16 16 17 17 16 17 17 17 16 17 16 17 16 17 17 17 17 17 17 17 17 17 17]
 [17 17 17 17 17 17 17 17 17 17 16 17 17 17 16 17 17 17 17 17 17 17 17 18]
 [17 16 16 17 17 16 17 17 17 16 16 16 17 16 17 17 17 16 17 17 17 16 17 17]
 [17 16 17 17 17 16 17 16 17 16 16 17 17 17 17 17 17 17 17 17 17 17 16 17]
 [17 17 17 17 17 17 17 17 17 17 17 17 17 17 17 17 17 15 16 17 17 16 16 16]
 [17 17 17 17 16 16 17 17 17 17 17 16 17 17 17 17 17 17 17 17 17 17 16 17]
 [16 16 16 16 16 17 16 17 17 17 17 17 17 17 16 17 17 16 17 17 16 17 16 17]
 [17 17 17 16 17 17 16 17 20 18 17 17 17 16 16 16 17 16 17 17 17 17 16 17]
 [17 16 17 16 16 16 17 16 17 16 17 17 17 17 17 17 18 19 19 19 17 17 16 17]
 [16 17 16 17 17 17 17 17 17 17 17 17 17 17 17 17 16 17 16 17 16 17 17 17]]