[[17 17 17 17 17 17 18 17 17 17 17 17 17 17 17 17 17 17 18 17 17 16 17 17]
 [17 17 17 17 17 17 16 17 18 17 17 17 17 18 17 17 17 17 17 17 17 17 17 17]
 [17 17 18 17 17 17 17 17 17 18 17 17 17 17 17 17 17 17 17 17 17 17 17 17]
 [17 17 16 17 17 17 17 17 17 17 17 17 17 17 17 17 17 17 17 17 17 17 17 18]
 [16 17 17 17 16 17 17 17 17 17 16 17 17 17 17 17 17 17 17 17 17 18 17 17]
 [17 17 17 16 17 17 17 17 17 16 17 17 17 17 17 17 17 16 17 17 17 17 17 17]
 [17 17 17 17 17 17 17 17 17 17 17 17 17 17 17 17 16 18 16 17 17 17 17 17]
 [17 17 17 17 17 17 17 17 17 17 17 17 17 17 17 17 17 17 17 18 17 17 17 17]
 [17 17 17 17 17 17 17 17 17 17 17 17 17 17 17 17 17 17 17 17 17 17 16 17]
 [17 17 17 17 17 17 17 17 17 17 17 17 17 17 17 17 17 17 17 17 17 17 17 17]
 [17 17 17 17 17 17 17 17 16 17 17 17 17 17 17 18 17 16 17 17 17 17 17 17]
 [17 17 17 17 17 17 17 17 17 17 17 17 17 17 17 17 17 17 17 17 17 16 16 17]
 [16 17 17 17 17 17 17 17 17 17 17 17 17 17 17 17 17 17 17 17 17 17 17 17]
 [17 17 17 17 17 17 17 17 17 17 17 17 17 17 17 17 17 17 17 17 17 16 17 17]
 [17 16 17 17 17 17 17 17 17 17 17 17 17 17 17 17 16 17 17 16 17 17 17 17]
 [16 17 17 17 17 17 17 17 17 17 17 17 17 17 17 17 17 17 17 17 16 17 17 17]
 [16 17 17 17 17 16 17 17 17 17 17 17 17 17 17 17 17 17 17 17 17 17 17 17]
 [17 17 17 17 17 17 17 17 17 17 17 17 17 17 17 17 17 17 17 17 17 17 17 17]
 [17 17 17 17 17 17 17 17 17 17 17 17 17 17 17 17 17 17 17 17 17 16 17 17]
 [17 17 17 17 17 17 17 17 17 17 17 17 17 17 17 17 17 17 17 17 17 17 17 17]
 [16 18 17 17 17 17 17 17 17 17 17 17 17 17 17 17 17 17 17 17 17 17 17 17]
 [17 17 17 17 17 17 17 17 18 17 17 17 17 17 17 17 17 17 17 17 17 17 17 17]
 [17 16 17 17 17 17 17 17 17 17 17 17 17 17 17 17 18 17 17 17 17 17 17 17]
 [17 17 17 17 17 17 17 17 17 17 17 17 17 17 17 17 16 17 17 17 16 17 17 17]
 [18 17 17 18 17 17 17 17 17 16 17 17 17 16 17 17 17 17 17 17 17 17 17 17]
 [17 17 17 17 17 16 18 17 18 17 17 17 16 17 17 17 17 17 17 17 17 17 17 17]
 [17 17 17 17 16 17 17 17 17 17 17 17 16 17 17 17 18 18 18 18 17 17 17 17]
 [17 16 17 17 17 17 17 17 17 17 17 17 17 17 17 18 17 16 17 17 17 17 17 18]
 [19 19 21 19 17 17 17 17 17 17 17 17 17 17 17 17 17 17 17 17 16 17 17 17]
 [17 17 17 17 16 17 17 18 20 22 22 22 17 17 17 17 18 17 17 17 17 17 17 17]
 [17 17 17 17 17 17 17 17 17 17 17 17 17 17 17 17 19 22 24 21 17 18 17 17]
 [16 17 17 17 17 17 17 17 17 17 17 17 17 17 17 18 17 17 17 18 16 17 16 16]]