[[19 19 22 18 17 18 17 17 18 18 17 17 18 18 17 17 17 18 17 17 17 18 17 17]
 [17 18 17 17 17 17 19 17 19 18 19 19 18 17 18 17 18 17 17 17 18 17 17 18]
 [18 17 16 17 18 17 17 18 18 17 17 17 17 17 18 18 18 17 17 17 17 17 17 17]
 [18 18 17 17 17 17 18 17 18 17 17 17 18 17 17 17 17 17 17 17 16 17 18 17]
 [18 17 18 18 18 17 18 18 18 17 17 18 18 17 17 17 17 17 17 17 17 18 17 17]
 [18 17 17 17 17 17 17 17 17 17 18 18 17 18 17 17 17 17 17 17 17 18 17 17]
 [17 17 17 17 17 17 17 17 18 17 17 17 17 17 18 17 18 17 17 18 18 17 17 18]
 [17 17 17 17 17 17 17 17 17 17 17 17 17 17 17 17 18 17 17 17 17 17 17 17]
 [18 17 17 17 17 18 17 17 17 18 17 17 17 17 17 17 17 17 17 17 17 17 18 17]
 [17 17 17 17 17 17 17 17 18 18 17 18 18 17 17 17 18 17 17 17 17 17 17 17]
 [17 17 17 17 17 18 17 17 17 17 17 17 18 17 17 17 17 18 18 17 17 18 17 17]
 [17 17 17 17 17 17 17 17 17 17 17 17 17 17 17 17 17 17 17 17 17 17 17 17]
 [17 17 17 17 18 17 17 18 17 17 17 17 17 17 17 18 17 17 17 17 17 17 17 17]
 [17 17 17 17 17 17 16 18 17 17 17 17 17 18 18 18 17 17 17 17 17 18 18 17]
 [17 17 17 17 17 17 17 17 17 17 17 17 17 17 17 17 18 17 17 17 17 17 17 17]
 [17 18 17 17 18 17 17 17 17 17 17 17 17 17 17 17 17 17 16 17 17 17 17 17]
 [17 17 17 18 18 17 17 17 17 17 17 17 17 17 17 17 17 17 17 17 17 17 17 17]
 [17 17 17 16 17 17 17 17 18 17 17 17 17 18 17 18 17 17 17 18 17 17 17 17]
 [17 17 17 17 17 17 17 17 17 17 16 17 17 17 16 17 18 17 18 17 17 17 18 18]
 [17 17 17 17 17 17 17 17 17 17 17 16 17 17 17 17 17 17 16 17 17 16 17 16]
 [18 18 17 17 18 17 17 17 17 17 18 17 17 17 17 17 17 17 17 17 18 17 17 17]
 [17 17 16 17 17 17 16 17 17 18 17 17 17 18 18 17 17 17 17 17 17 17 17 17]
 [17 17 17 17 17 17 17 17 17 17 17 16 17 16 16 15 18 17 17 18 18 17 17 17]
 [17 17 17 17 17 17 17 17 17 17 17 17 17 17 17 17 17 17 16 17 16 16 16 17]
 [17 18 17 18 18 18 17 17 17 17 17 17 17 17 17 17 17 17 17 17 17 17 17 16]
 [17 17 16 16 16 16 16 15 17 17 17 18 18 17 17 18 18 17 17 17 17 17 17 17]
 [17 17 17 17 17 17 16 17 16 17 16 16 16 16 15 16 17 18 18 17 17 17 17 17]
 [18 17 17 17 17 17 17 17 17 17 17 16 17 17 17 16 17 16 16 15 16 15 16 14]
 [17 17 17 18 18 17 17 18 17 17 17 17 18 17 17 17 17 17 17 17 16 17 16 17]
 [16 16 15 16 16 16 14 16 17 18 17 17 17 17 18 17 17 17 17 17 17 17 17 17]
 [17 17 17 16 16 16 16 15 15 15 15 14 14 14 15 15 18 17 17 18 18 17 17 17]
 [17 17 17 17 17 17 17 17 17 17 16 17 15 16 14 15 14 14 14 15 14 14 14 14]]