[[19 19 18 18 17 17 17 17 17 18 17 17 18 17 17 17 18 17 17 17 17 17 17 17]
 [17 17 17 18 17 17 17 17 18 20 18 18 18 17 17 18 17 18 17 18 18 17 17 17]
 [17 17 17 17 18 17 17 17 17 17 17 18 17 18 17 18 18 19 17 17 18 17 17 18]
 [17 17 17 17 17 17 17 17 17 17 17 17 17 17 17 17 17 17 17 17 17 17 17 17]
 [17 17 17 17 17 17 17 17 17 17 17 18 17 17 17 17 17 17 17 18 17 18 17 18]
 [17 17 17 17 18 18 17 18 18 17 17 17 17 18 17 17 18 17 17 17 17 17 17 17]
 [17 17 17 17 18 17 18 17 17 17 17 17 17 17 17 17 17 17 17 17 17 17 17 17]
 [17 17 17 17 17 17 17 17 17 17 17 17 17 17 17 17 17 18 17 17 17 17 18 17]
 [18 17 17 18 18 17 18 17 17 17 17 17 17 17 17 17 17 17 17 17 17 17 17 17]
 [17 17 17 17 18 17 17 17 17 18 18 18 17 17 17 17 17 17 18 17 17 17 17 17]
 [17 17 17 17 17 17 17 17 17 17 17 17 17 18 17 17 17 18 17 17 18 17 18 17]
 [17 17 17 17 17 17 17 17 17 17 17 17 17 17 17 17 17 18 17 17 17 17 17 18]
 [17 17 17 18 17 17 17 17 17 17 17 17 17 17 17 17 17 17 17 17 17 17 17 17]
 [17 17 17 17 17 17 16 17 17 17 17 17 18 17 17 17 17 17 17 17 17 17 17 17]
 [17 17 17 17 17 17 17 17 18 17 17 17 17 17 17 17 18 17 17 17 17 17 17 17]
 [17 17 17 17 17 17 17 18 17 17 17 17 17 17 17 17 17 17 17 17 17 17 16 17]
 [16 18 17 18 17 17 17 17 17 17 17 17 17 17 17 17 17 17 17 17 17 17 17 17]
 [17 17 17 17 17 17 17 17 17 17 17 17 17 17 17 17 17 17 17 17 17 17 17 17]
 [17 18 17 17 17 17 17 17 17 17 17 17 17 17 17 17 18 17 17 17 17 17 17 17]
 [17 17 17 17 17 17 17 17 17 17 17 17 17 17 17 17 17 17 17 17 18 17 17 17]
 [18 17 17 18 17 17 18 17 17 17 17 17 17 17 17 17 17 17 17 17 17 17 17 17]
 [17 17 17 17 17 17 17 17 18 17 17 17 17 17 17 17 17 17 17 17 17 17 17 17]
 [17 17 17 17 17 17 17 17 17 17 17 17 17 17 17 17 17 18 17 17 17 17 17 18]
 [17 17 17 17 17 17 17 17 17 17 17 17 17 17 17 17 17 17 18 17 17 17 17 17]
 [17 17 17 18 17 17 17 17 17 17 17 17 17 17 17 17 17 17 17 17 17 17 17 17]
 [17 17 17 17 17 17 18 17 17 17 17 17 18 17 17 17 17 17 17 17 17 17 17 17]
 [17 17 17 17 17 17 17 17 17 17 17 17 17 17 17 17 17 16 17 17 18 17 17 17]
 [17 17 17 17 17 17 17 17 17 17 17 17 17 17 17 17 17 17 17 17 17 17 17 17]
 [17 17 17 18 18 17 17 18 18 17 17 18 17 17 17 17 17 17 17 17 17 17 17 17]
 [17 17 17 17 17 17 17 18 18 17 18 17 17 17 17 17 17 17 17 17 17 17 17 17]
 [17 17 17 17 17 17 17 17 17 17 17 17 17 16 17 17 17 18 17 17 17 17 17 17]
 [17 18 18 17 17 17 17 17 17 17 17 17 17 17 17 18 17 17 17 17 17 17 18 18]]