[[18 18 17 18 17 17 17 17 17 17 17 17 17 17 17 17 17 17 17 17 17 17 17 16]
 [17 17 17 17 17 17 16 17 16 18 18 19 17 18 17 18 17 17 17 17 17 17 17 17]
 [17 17 17 17 17 17 16 17 17 17 16 17 17 17 16 17 18 17 18 17 17 17 18 17]
 [17 16 17 17 16 17 17 16 17 17 17 16 17 16 17 16 16 17 16 16 16 17 17 16]
 [17 18 17 17 17 17 17 17 17 17 17 17 17 17 17 17 16 16 16 17 16 17 16 17]
 [16 17 16 17 17 17 17 17 17 16 17 17 17 17 17 17 17 17 17 17 17 17 17 16]
 [17 17 16 16 16 17 17 16 16 17 16 16 16 16 16 16 16 17 17 17 17 17 17 17]
 [17 17 17 17 17 17 17 17 16 17 16 16 16 16 16 16 16 16 16 16 17 16 16 17]
 [17 17 17 17 17 17 17 16 16 16 16 17 17 17 17 16 17 17 16 16 17 17 16 16]
 [16 16 16 16 16 15 16 16 17 18 17 17 17 17 16 17 16 16 17 17 17 17 16 16]
 [16 16 16 17 17 17 16 17 16 16 16 15 17 16 15 16 17 17 17 17 16 16 17 16]
 [17 17 17 17 16 17 16 16 16 17 16 16 16 16 17 16 16 15 15 15 16 15 16 16]
 [17 17 17 17 17 17 16 16 16 16 16 17 17 17 16 16 16 16 16 16 17 17 16 16]
 [15 15 15 15 15 15 15 15 17 16 17 16 17 16 16 16 16 16 16 16 16 17 16 16]
 [16 16 17 16 16 16 16 15 15 15 16 16 15 15 15 15 17 17 16 17 16 17 17 16]
 [17 16 16 16 17 16 16 16 17 16 16 16 16 16 16 16 15 16 15 15 16 16 15 16]
 [17 16 17 16 17 16 16 17 16 17 17 16 17 16 17 17 16 16 17 16 16 16 16 16]
 [15 16 15 16 15 16 16 15 17 17 16 17 16 16 16 16 16 16 16 17 16 17 16 17]
 [17 17 17 17 16 16 16 16 16 15 15 16 15 16 15 16 17 17 17 17 16 16 16 16]
 [16 16 16 16 16 16 16 16 16 16 17 16 16 16 16 16 15 16 15 15 15 15 15 15]
 [17 16 17 17 16 16 16 16 16 16 16 16 16 16 16 16 16 16 16 17 16 16 16 16]
 [16 16 15 16 15 16 15 15 17 17 17 17 17 17 16 16 16 15 15 15 15 15 15 16]
 [16 16 16 17 16 16 16 16 16 15 16 15 15 15 15 15 17 16 16 17 17 17 17 17]
 [16 16 15 15 15 15 15 15 15 15 16 16 16 16 16 16 16 16 16 16 15 15 14 15]
 [17 16 18 16 17 16 17 16 17 16 16 16 15 16 16 15 15 15 16 16 16 15 15 15]
 [15 15 16 15 15 15 15 14 17 17 17 18 17 17 17 17 17 16 16 16 16 16 16 16]
 [15 16 16 16 15 15 15 15 15 16 16 16 15 15 14 15 17 17 17 17 17 17 17 16]
 [17 16 16 16 16 16 16 16 16 16 15 15 15 15 15 15 16 16 15 15 15 15 15 14]
 [17 17 17 17 17 17 17 17 16 17 17 16 16 16 16 16 16 16 15 15 15 15 15 16]
 [15 15 15 16 15 15 14 15 16 17 17 16 17 17 17 17 17 16 17 16 16 16 16 16]
 [17 16 15 14 15 15 15 16 16 15 16 15 15 15 15 15 17 17 17 17 18 17 17 16]
 [17 16 17 17 16 16 16 17 16 16 15 15 15 15 15 16 16 15 15 15 15 15 15 15]]