[[15 15 16 16 16 16 16 15 15 16 15 15 15 15 15 15 15 15 15 15 15 15 15 14]
 [14 14 14 14 15 14 15 14 16 15 16 16 15 16 15 16 15 15 15 15 15 15 15 15]
 [15 15 14 15 14 15 14 15 14 14 15 15 14 14 16 15 16 15 15 15 16 15 16 16]
 [15 14 16 15 15 15 15 15 15 14 15 15 15 14 14 14 15 14 14 14 14 14 14 14]
 [15 16 15 16 15 15 15 15 15 15 15 15 15 15 15 15 15 15 15 15 15 15 14 14]
 [14 14 14 14 14 14 14 14 16 15 16 16 15 15 16 15 15 14 15 15 15 15 15 15]
 [15 15 15 15 15 14 14 14 14 13 14 13 14 13 14 14 15 15 15 16 15 16 15 15]
 [15 15 15 15 15 15 15 15 15 15 15 15 14 15 14 14 14 14 14 14 13 14 13 13]
 [17 16 15 16 16 15 16 15 15 15 15 15 15 15 15 15 15 14 15 15 15 14 14 14]
 [14 14 14 13 13 13 13 14 15 15 15 16 15 15 16 15 15 15 15 15 15 15 15 15]
 [15 15 15 15 14 15 14 15 14 14 13 13 12 12 14 14 16 15 16 16 15 15 15 15]
 [15 15 16 15 15 14 15 15 15 14 14 14 15 14 14 14 14 14 14 13 13 12 13 13]
 [15 16 16 16 15 15 15 15 15 15 15 15 15 15 15 15 15 14 14 15 14 14 14 14]
 [14 14 14 14 12 11 13 14 15 15 16 15 15 15 16 15 15 15 16 15 15 14 15 15]
 [15 14 15 15 14 14 14 14 14 14 14 13 12 12 13 13 15 15 15 15 15 16 15 15]
 [15 15 15 15 14 15 15 15 14 14 14 15 14 14 14 14 14 14 14 14 13 12 12 13]
 [16 15 16 16 15 15 15 15 15 15 15 14 15 14 15 15 14 14 14 14 14 14 14 15]
 [14 13 14 14 13 12 13 13 16 16 15 16 15 15 15 16 14 15 15 15 15 15 15 15]
 [15 14 14 15 14 14 14 14 14 14 14 15 12 12 13 14 16 16 16 16 16 14 15 15]
 [15 15 15 15 15 15 15 15 14 14 15 14 14 14 14 14 14 14 14 14 13 13 13 13]
 [16 17 16 16 15 15 15 15 15 15 15 15 15 14 15 15 14 14 15 15 14 14 14 14]
 [14 14 14 14 13 13 13 13 16 16 16 16 16 15 15 15 15 15 15 15 15 15 15 15]
 [15 14 15 14 14 14 14 14 14 14 15 14 13 13 13 12 16 16 16 16 15 15 15 15]
 [15 15 15 15 14 15 14 15 15 14 14 15 14 15 15 14 14 14 14 14 14 13 13 13]
 [16 16 16 16 16 15 16 15 16 15 15 15 15 14 15 15 15 14 15 15 14 14 14 14]
 [14 14 14 14 13 13 12 11 16 16 16 16 16 15 15 15 15 15 15 15 15 15 15 15]
 [15 15 14 15 14 14 14 15 14 14 14 14 13 13 11 11 16 15 17 16 15 15 16 15]
 [15 14 15 15 15 15 15 15 14 14 15 15 14 14 14 15 14 13 14 14 12 12 11 10]
 [17 15 16 17 16 15 16 16 15 15 15 15 15 15 15 15 14 15 15 15 14 14 15 15]
 [14 14 14 14 12 11 10 10 17 16 17 17 16 15 16 15 15 15 15 15 15 14 15 15]
 [14 14 15 15 14 14 15 14 14 14 14 14 12 11 10 10 16 16 17 17 16 15 16 16]
 [14 15 15 15 15 15 15 15 14 15 14 15 14 14 14 14 14 14 13 14 12 11 10 10]]