[[18 18 16 16 17 16 16 16 16 17 16 16 17 17 16 17 16 17 16 16 17 17 17 17]
 [16 17 16 17 17 16 16 16 16 17 17 16 17 17 17 17 17 17 16 16 17 16 17 16]
 [16 16 17 17 17 17 16 16 16 16 16 16 17 17 16 17 16 17 17 17 17 16 17 17]
 [16 16 16 17 17 17 16 16 16 16 16 17 16 16 16 16 16 16 16 16 16 16 16 16]
 [16 16 17 17 16 16 17 17 17 16 17 16 17 17 16 16 16 16 16 16 16 16 16 15]
 [16 16 16 16 16 17 15 16 16 18 17 17 17 16 16 16 17 17 16 17 16 16 16 16]
 [15 16 16 15 15 15 15 15 14 15 15 15 16 16 16 16 17 16 17 16 16 17 17 16]
 [17 17 17 17 16 16 16 16 16 16 16 15 15 15 15 15 15 15 15 15 16 16 16 16]
 [17 17 16 17 16 16 16 16 16 16 16 16 16 16 16 16 15 16 15 16 15 16 15 15]
 [15 16 15 15 15 15 15 15 17 16 16 16 17 16 16 16 16 16 15 15 16 15 16 16]
 [16 15 15 15 15 15 15 15 15 15 15 15 15 15 15 15 16 16 16 16 16 16 16 15]
 [16 15 15 15 15 15 16 15 15 15 15 15 15 15 15 15 15 15 15 15 15 15 16 15]
 [16 16 17 16 17 17 16 16 15 15 15 15 15 15 15 15 16 15 15 15 15 15 15 15]
 [15 15 15 15 15 15 15 15 16 17 16 16 16 16 15 15 15 15 15 15 15 15 15 15]
 [15 15 15 15 15 15 15 14 15 15 14 15 15 15 15 15 17 16 16 17 16 16 15 15]
 [16 15 16 16 15 15 15 15 15 15 15 15 15 15 14 15 15 15 15 15 14 14 14 14]
 [16 16 16 17 16 16 16 15 15 16 15 15 15 15 15 15 15 15 15 15 15 15 15 15]
 [15 15 15 14 14 14 14 14 17 17 16 16 16 16 16 15 15 15 15 15 15 15 15 15]
 [15 15 15 15 15 15 15 14 15 15 15 14 14 14 13 13 16 16 16 16 17 16 15 15]
 [15 15 15 15 16 15 15 15 15 15 15 15 15 15 15 14 14 15 15 14 14 13 13 11]
 [17 16 16 16 16 16 16 16 16 15 16 15 15 15 15 15 15 15 15 15 15 15 15 15]
 [15 15 14 14 14 14 11 10 15 15 15 16 16 16 16 16 16 15 15 15 15 15 15 15]
 [15 15 15 15 14 15 14 15 15 14 14 14 13 11  9  6 16 16 16 15 17 16 16 16]
 [16 15 15 15 15 15 15 15 15 15 14 15 15 15 14 14 14 14 13 14 12 11  7  6]
 [16 15 15 15 15 15 15 15 15 16 15 15 15 15 15 15 15 14 15 15 14 14 14 14]
 [14 14 13 12 10  8  6  5 16 16 16 16 15 15 15 15 15 15 15 15 15 15 14 15]
 [15 15 14 14 14 14 14 14 14 14 12 12  7  8  5  5 17 16 15 16 16 15 15 15]
 [15 15 15 15 16 15 15 14 15 14 14 14 14 14 14 14 14 13 12  9  6  5  5  6]
 [17 16 16 16 16 15 15 15 15 15 15 15 15 15 15 14 15 15 14 14 14 14 14 14]
 [14 13 11 11  6  5  7  9 17 16 16 15 16 16 15 15 15 15 15 15 16 15 14 15]
 [15 15 14 14 14 14 14 14 14 13 12 10  9  8 10 11 17 17 17 16 15 15 15 15]
 [15 15 15 15 15 15 15 15 14 15 14 14 14 15 14 13 13 14 12 12 10 11 11 11]]