[[17 17 17 16 16 16 16 16 17 16 16 16 16 16 16 16 16 16 16 16 16 16 16 16]
 [16 16 16 16 16 16 16 16 17 17 17 16 17 16 16 16 17 16 16 17 16 16 16 16]
 [17 16 16 16 16 16 16 16 16 17 16 16 16 16 16 17 16 16 16 16 16 17 16 16]
 [16 16 16 15 15 15 15 14 15 15 15 15 15 15 16 16 16 16 16 16 16 16 16 16]
 [16 16 16 17 16 16 16 17 16 16 15 16 15 15 14 14 15 15 15 15 15 15 15 16]
 [16 16 16 16 16 16 15 17 17 16 16 16 17 16 16 15 16 15 15 16 15 15 15 15]
 [15 15 15 15 15 15 15 15 15 15 14 14 14 15 15 16 16 17 16 17 16 17 15 16]
 [15 15 15 16 15 15 15 15 15 15 15 15 15 15 15 15 15 15 15 14 14 14 15 16]
 [16 16 16 17 16 16 16 15 15 15 15 15 15 15 15 15 15 15 15 15 15 15 15 15]
 [16 15 15 15 14 15 14 15 16 16 16 16 16 16 15 15 15 16 15 15 15 15 15 15]
 [15 15 15 15 15 15 15 15 16 16 15 16 15 15 15 16 16 15 15 15 15 15 15 15]
 [15 16 15 15 15 15 15 14 15 14 15 14 15 15 14 14 15 15 15 15 15 15 15 15]
 [17 16 15 15 15 15 16 15 15 15 15 15 15 15 15 15 15 15 14 15 14 15 14 14]
 [14 14 14 14 14 15 15 15 16 15 15 15 16 15 15 15 15 15 15 15 15 15 15 15]
 [15 15 15 14 14 14 14 14 14 14 14 14 14 14 14 14 16 15 15 15 15 15 15 15]
 [15 15 15 15 15 15 14 15 15 15 14 15 14 14 14 14 14 14 13 14 13 14 14 14]
 [16 15 16 16 15 15 15 15 15 15 15 14 15 15 15 14 14 14 15 14 14 14 14 14]
 [13 13 13 13 12 13 13 14 15 15 16 16 16 15 15 15 15 15 15 15 15 15 15 15]
 [15 14 14 14 14 14 13 14 13 14 12 12 12 13 12 13 16 16 16 15 16 15 15 15]
 [15 15 15 14 15 14 14 14 14 14 14 13 14 14 13 13 13 12 11  9  9  9 11 11]
 [16 16 15 16 15 15 15 15 15 15 15 15 14 14 15 14 14 14 14 14 14 14 13 13]
 [12 12  8  9  6  7 10 11 16 15 15 15 15 15 15 14 14 15 14 14 14 14 14 14]
 [14 14 14 13 14 13 12 11 11  8  6  5  4  3  6  9 15 14 15 16 15 15 15 15]
 [15 14 14 14 14 15 14 14 14 14 13 14 13 13 11 12  8  9  4  4  3  3  5  8]
 [15 15 15 15 16 15 14 15 15 15 14 14 14 14 14 14 14 14 13 12 12 10 10  8]
 [ 7  5  3  2  3  3  4  8 15 16 15 15 15 15 15 15 14 15 14 14 14 15 14 14]
 [14 14 12 13 10 11  7  7  5  6  3  3  2  3  6  7 15 15 14 15 15 15 15 14]
 [14 14 14 14 14 14 14 14 14 13 13 12 10  7  6  4  4  4  3  2  3  4  8  9]
 [16 15 15 16 15 16 15 15 15 15 14 14 14 14 14 14 14 13 12 13  8  9  4  4]
 [ 4  4  2  3  3  5  9 10 16 15 15 16 15 15 15 14 15 14 14 14 14 14 14 14]
 [14 13 13 11 11  7  5  3  4  3  4  6  8  9 11 12 16 16 15 16 16 15 15 15]
 [15 15 14 14 14 14 14 14 13 13 12 13  9 10  5  5  4  5  7  8 10 10 11 11]]