[[14 14 15 15 15 16 16 16 15 16 15 15 15 15 16 15 15 15 16 16 15 15 15 15]
 [16 16 16 17 15 16 17 18 16 16 15 16 15 16 16 16 16 15 15 16 15 16 15 15]
 [15 15 15 16 16 16 15 15 16 16 16 17 17 16 17 17 15 16 14 15 15 15 16 16]
 [16 15 15 15 16 15 15 15 15 16 16 15 15 15 15 15 15 15 15 16 16 16 17 16]
 [15 15 16 15 16 15 15 15 15 16 15 15 15 16 15 15 16 15 15 15 15 15 15 15]
 [15 15 16 16 16 15 16 17 16 15 16 16 15 16 15 15 15 15 16 16 15 15 16 15]
 [15 15 15 15 15 16 15 15 15 15 16 16 16 16 16 17 16 15 15 15 16 15 16 15]
 [15 16 15 15 16 15 15 15 15 16 15 16 16 15 15 15 14 15 15 16 17 16 16 17]
 [15 16 15 16 15 16 15 15 15 15 15 16 16 16 15 15 15 15 15 15 15 16 16 15]
 [15 15 15 16 16 16 17 16 15 16 15 15 16 16 16 16 16 15 15 16 16 15 15 16]
 [16 16 15 16 15 15 15 16 15 15 15 16 17 17 16 17 15 16 16 16 16 16 16 15]
 [15 16 16 15 15 15 16 16 15 15 15 16 15 16 16 15 15 16 15 16 16 17 16 17]
 [16 15 15 16 16 15 16 16 15 16 16 16 16 15 16 16 16 16 15 15 15 16 15 15]
 [15 16 15 16 16 16 16 17 16 16 15 16 16 15 16 15 16 15 15 15 15 16 15 15]
 [16 16 15 15 15 16 16 16 15 16 15 16 16 16 17 17 15 15 15 16 16 15 16 16]
 [16 16 16 15 16 15 16 16 15 15 16 16 15 16 16 16 16 15 16 16 17 16 17 17]
 [15 16 16 16 16 16 16 15 16 15 15 15 16 15 15 15 15 16 15 15 15 15 15 16]
 [15 16 16 16 16 17 17 17 15 15 16 16 16 16 16 16 16 16 16 15 16 15 15 16]
 [15 15 16 16 16 16 16 16 16 16 16 16 16 16 17 17 15 16 16 15 16 16 16 15]
 [16 16 16 16 16 16 15 15 15 16 16 15 16 16 16 16 16 16 16 16 16 16 16 17]
 [16 16 16 16 16 16 16 16 16 16 16 16 16 15 15 16 16 15 15 16 16 16 16 16]
 [16 16 15 16 16 16 16 17 15 15 15 16 16 16 16 16 16 16 16 15 15 16 16 16]
 [15 16 16 16 15 15 16 15 15 15 15 16 15 15 16 16 15 15 15 16 16 16 15 16]
 [16 16 16 16 15 16 15 15 15 15 16 16 15 15 15 16 16 16 16 16 16 15 17 16]
 [18 16 15 15 16 16 16 15 16 16 15 16 16 16 15 15 15 16 15 15 16 16 16 16]
 [15 16 16 16 16 16 15 16 19 17 15 16 15 16 16 15 16 16 15 15 15 16 16 15]
 [16 16 16 16 16 15 15 16 15 15 16 16 16 16 17 17 20 17 15 16 15 16 16 15]
 [16 16 15 16 15 15 16 16 15 16 16 16 16 15 15 16 16 16 16 16 16 16 16 17]
 [19 19 15 16 16 15 15 16 16 16 16 16 15 16 16 16 16 15 16 16 16 16 15 15]
 [16 15 16 17 16 16 16 17 19 17 15 15 15 15 15 16 15 16 15 16 16 15 16 16]
 [16 16 16 16 15 15 15 15 16 16 16 16 16 17 16 17 17 18 15 15 15 15 16 16]
 [15 16 16 16 16 15 16 16 15 16 16 16 16 16 16 16 15 15 16 16 16 16 16 16]]