[[16 16 16 16 16 16 16 16 16 16 15 16 16 16 16 17 16 17 16 16 16 17 16 17]
 [16 17 16 17 17 17 14 17 15 16 16 16 16 16 15 15 15 15 16 14 16 16 16 16]
 [16 17 16 17 17 16 17 16 17 17 17 16 17 16 17 17 17 15 15 16 15 14 14 14]
 [14 14 15 15 16 16 16 16 17 16 16 17 17 17 16 17 17 17 16 17 16 17 16 17]
 [15 16 14 14 14 14 14 14 15 15 16 15 15 16 15 15 16 16 17 17 16 17 17 16]
 [17 17 17 17 17 17 16 17 14 14 13 14 14 15 15 15 15 15 15 15 15 15 15 14]
 [15 16 16 16 16 17 16 17 17 17 17 16 17 16 16 17 15 13 14 14 15 16 16 15]
 [15 15 15 15 15 16 15 14 15 15 16 16 16 16 16 16 17 16 16 16 16 16 17 16]
 [15 15 14 15 15 15 15 15 15 15 15 15 15 15 15 15 15 14 14 15 15 15 15 16]
 [16 16 16 16 17 16 17 17 15 15 15 15 15 15 15 15 15 15 15 15 15 15 15 15]
 [15 15 14 14 14 15 15 15 16 16 16 15 16 17 17 17 15 14 14 14 15 14 14 14]
 [15 15 14 15 15 15 15 15 15 15 15 15 14 14 14 14 14 15 14 15 17 17 16 17]
 [14 14 15 15 14 14 15 14 15 15 15 15 15 15 15 15 15 15 15 15 15 15 14 14]
 [14 14 15 14 16 16 17 16 14 14 14 14 15 14 15 14 15 15 14 15 15 15 15 15]
 [15 15 15 15 15 15 15 15 15 15 14 15 15 16 16 17 14 14 13 14 14 14 15 14]
 [15 15 15 14 15 15 15 15 15 15 15 15 15 15 15 15 15 16 15 15 15 16 17 17]
 [11 12 13 14 14 14 14 14 14 15 14 15 15 15 15 15 15 15 15 15 15 15 15 15]
 [15 15 15 15 15 16 16 17 10 11 13 12 13 14 15 14 15 14 15 14 15 15 15 15]
 [15 15 15 15 15 15 15 15 15 15 15 15 15 15 17 16  8  8 10 12 13 13 13 14]
 [14 15 14 15 15 15 14 15 15 15 15 15 15 15 15 15 15 15 15 15 16 17 16 17]
 [ 7  7  9 10 13 13 14 14 15 14 15 14 15 14 15 15 15 15 15 15 15 15 15 15]
 [15 15 15 15 16 16 17 17  6  6  6  9 11 13 13 14 15 14 14 15 15 15 14 15]
 [15 15 15 15 15 15 15 15 15 15 15 16 17 16 16 17  6  6  7  7 12 12 14 13]
 [14 14 15 14 15 15 15 15 15 15 15 15 15 15 15 15 15 15 15 15 17 16 16 17]
 [ 8  6  5  7 10 12 13 14 14 15 14 15 15 15 14 15 15 15 15 15 15 15 15 15]
 [16 15 15 16 17 16 16 17  9  7  6  6 10 10 14 13 15 15 15 15 15 15 15 15]
 [15 15 15 15 15 15 15 15 15 15 16 16 17 17 17 17 11  8  7  8  9 11 12 13]
 [14 13 14 15 15 15 15 15 15 15 15 15 15 15 15 16 15 15 16 16 17 17 17 16]
 [12 11 10  9 11 10 13 13 13 14 15 14 15 15 15 15 15 15 15 15 15 15 15 15]
 [15 15 16 16 17 16 17 16 12 13 11 12 12 13 12 14 14 13 14 15 15 14 14 15]
 [15 15 15 15 15 15 15 15 15 16 16 17 17 16 16 17 12 13 13 12 13 14 14 13]
 [14 14 15 14 14 15 15 15 15 15 15 14 15 15 15 15 15 17 16 17 17 17 17 17]]