[[17 17 16 16 16 16 16 16 16 16 15 16 16 16 15 15 16 15 15 15 15 16 15 15]
 [15 15 15 15 15 15 16 16 17 17 15 16 17 16 16 16 16 15 15 15 15 16 15 15]
 [16 15 16 16 15 16 15 15 15 15 15 16 15 16 15 16 16 16 16 17 16 16 16 15]
 [16 15 15 15 15 16 15 16 15 16 15 15 15 15 15 15 15 16 15 15 15 16 14 15]
 [16 16 16 16 16 16 15 15 16 15 16 15 16 15 16 15 16 15 16 15 15 15 15 15]
 [15 15 15 15 15 15 15 15 16 17 16 16 16 17 16 15 16 15 15 16 15 15 15 15]
 [15 15 15 15 15 15 15 15 16 15 15 15 15 15 14 14 16 17 16 16 16 16 15 16]
 [16 16 16 16 16 15 15 15 16 15 15 15 15 15 15 15 15 15 15 15 15 15 14 15]
 [17 17 16 16 16 15 16 16 16 16 15 15 15 15 15 15 15 15 15 15 15 15 15 15]
 [15 15 15 15 15 14 15 14 17 16 16 16 16 15 15 16 16 16 16 15 16 16 15 15]
 [15 15 15 15 15 15 15 15 15 15 15 15 15 15 14 14 17 17 16 16 16 16 15 16]
 [16 16 15 15 15 15 15 15 15 15 15 15 15 15 15 15 15 15 15 15 15 15 13 13]
 [17 17 16 16 16 16 15 16 16 16 15 15 15 15 15 15 16 15 15 15 15 15 15 15]
 [15 15 15 15 15 14 13 13 16 16 16 16 16 16 16 15 16 16 16 16 15 16 15 15]
 [15 15 15 16 15 15 15 15 15 15 15 14 15 14 14 13 17 17 16 16 16 16 16 16]
 [16 15 15 15 15 16 15 16 15 15 15 15 15 15 15 15 15 15 15 15 15 15 14 13]
 [17 17 16 17 16 16 16 16 15 15 15 15 15 15 15 15 15 15 15 15 15 15 15 15]
 [15 15 15 14 15 14 14 14 17 17 16 17 17 16 16 16 16 16 16 15 16 15 15 15]
 [15 15 15 15 16 15 15 15 15 15 15 15 15 15 14 14 16 17 17 16 16 17 15 16]
 [16 15 15 15 15 15 15 15 16 15 15 15 15 15 15 15 14 15 15 15 15 15 14 13]
 [17 16 16 16 16 17 16 16 16 16 15 16 16 15 15 15 15 16 15 15 15 15 15 15]
 [15 15 15 15 15 15 14 14 17 17 17 17 16 17 16 16 16 16 15 15 16 15 15 15]
 [15 15 15 15 15 15 15 15 15 15 15 15 15 15 14 15 17 17 17 17 17 17 16 16]
 [16 15 15 15 15 15 15 15 15 15 15 15 15 15 15 15 15 15 15 15 15 15 14 15]
 [16 17 17 17 17 17 17 16 16 16 16 15 16 16 15 15 15 15 15 16 15 15 15 15]
 [15 15 14 15 15 15 14 14 16 17 17 17 17 17 17 16 16 16 15 16 16 16 16 15]
 [15 15 15 15 15 16 15 15 16 15 15 15 15 15 14 14 17 17 17 17 17 17 17 17]
 [17 16 16 15 15 15 15 16 15 16 15 15 15 16 15 16 16 15 15 15 15 15 14 14]
 [18 17 17 17 18 17 17 17 16 17 15 16 15 16 15 15 15 15 15 15 15 16 15 15]
 [15 15 15 15 15 15 13 13 16 17 17 17 17 17 16 17 17 17 16 16 16 15 14 15]
 [15 15 15 15 15 15 15 15 15 15 14 15 15 14 13 13 17 18 17 17 17 17 17 17]
 [16 16 16 16 16 15 15 16 15 15 15 15 15 15 15 15 15 16 14 15 15 15 13 13]]